FRTRWELL
DESIGN_stage_1 0.000 0.000 0.000
2347.460 -180.000 4 2060.000 2063.333 0.000000000 100.00
2063.333 2066.667 0.000000000 100.00
2066.667 2070.000 0.000000000 100.00
2070.000 2073.333 0.000000000 100.00
2347.460 -168.000 10 2033.333 2036.667 0.000000000 100.00
2036.667 2040.000 0.000000000 100.00
2040.000 2043.333 0.000000000 100.00
2043.333 2046.667 0.000000000 100.00
2046.667 2050.000 0.000000000 100.00
2056.667 2060.000 0.000000000 100.00
2060.000 2063.333 0.000000000 100.00
2063.333 2066.667 0.000000000 100.00
2066.667 2070.000 0.000000000 100.00
2070.000 2073.333 0.000000000 100.00
2347.460 -156.000 13 2030.000 2033.333 0.000567840 100.00
2033.333 2036.667 0.000000000 100.00
2036.667 2040.000 0.000652334 100.00
2040.000 2043.333 0.000498432 100.00
2043.333 2046.667 0.000599154 100.00
2046.667 2050.000 0.000000000 100.00
2050.000 2053.333 0.000000000 100.00
2056.667 2060.000 0.000000000 100.00
2060.000 2063.333 0.001334721 100.00
2063.333 2066.667 0.002270391 100.00
2066.667 2070.000 0.002026884 100.00
2070.000 2073.333 0.000000000 100.00
2073.333 2076.667 0.000000000 100.00
2347.460 -144.000 15 2026.667 2030.000 0.000742553 100.00
2030.000 2033.333 0.000000000 100.00
2033.333 2036.667 0.000744761 100.00
2036.667 2040.000 0.000388365 100.00
2040.000 2043.333 0.000415886 100.00
2043.333 2046.667 0.000460882 100.00
2046.667 2050.000 0.000484412 100.00
2050.000 2053.333 0.000000000 100.00
2053.333 2056.667 0.000000000 100.00
2056.667 2060.000 0.000000000 100.00
2060.000 2063.333 0.002277758 100.00
2063.333 2066.667 0.002350580 100.00
2066.667 2070.000 0.002421213 100.00
2070.000 2073.333 0.001594438 100.00
2073.333 2076.667 0.000000000 100.00
2347.460 -132.000 17 2010.000 2013.333 0.000725507 100.00
2026.667 2030.000 0.000000000 100.00
2030.000 2033.333 0.000022291 100.00
2033.333 2036.667 0.000414267 100.00
2036.667 2040.000 0.000417629 100.00
2040.000 2043.333 0.000468875 100.00
2043.333 2046.667 0.000456141 100.00
2046.667 2050.000 0.000351674 100.00
2050.000 2053.333 0.000317548 100.00
2053.333 2056.667 0.000167347 100.00
2056.667 2060.000 0.000723671 100.00
2060.000 2063.333 0.002395639 100.00
2063.333 2066.667 0.002165268 100.00
2066.667 2070.000 0.002307473 100.00
2070.000 2073.333 0.002125788 100.00
2073.333 2076.667 0.000000002 100.00
2076.667 2080.000 0.000000000 100.00
2347.460 -120.000 20 2006.667 2010.000 0.000629157 100.00
2010.000 2013.333 0.000000000 100.00
2013.333 2016.667 0.000000000 100.00
2023.333 2026.667 0.000000000 100.00
2026.667 2030.000 0.000000000 100.00
2030.000 2033.333 0.000298235 100.00
2033.333 2036.667 0.000307695 100.00
2036.667 2040.000 0.000495754 100.00
2040.000 2043.333 0.000559422 100.00
2043.333 2046.667 0.000540928 100.00
2046.667 2050.000 0.000361818 100.00
2050.000 2053.333 0.000260765 100.00
2053.333 2056.667 0.000242891 100.00
2056.667 2060.000 0.000463450 100.00
2060.000 2063.333 0.001722397 100.00
2063.333 2066.667 0.002128999 100.00
2066.667 2070.000 0.002211589 100.00
2070.000 2073.333 0.002225616 100.00
2073.333 2076.667 0.000763581 100.00
2076.667 2080.000 0.000000000 100.00
2347.460 -108.000 22 2003.333 2006.667 0.000768175 100.00
2006.667 2010.000 0.000000000 100.00
2010.000 2013.333 0.002680535 100.00
2013.333 2016.667 0.001664787 100.00
2016.667 2020.000 0.000000000 100.00
2023.333 2026.667 0.000000000 100.00
2026.667 2030.000 0.000000000 100.00
2030.000 2033.333 0.000255559 100.00
2033.333 2036.667 0.000368915 100.00
2036.667 2040.000 0.000590364 100.00
2040.000 2043.333 0.000661052 100.00
2043.333 2046.667 0.000645747 100.00
2046.667 2050.000 0.000464738 100.00
2050.000 2053.333 0.000328431 100.00
2053.333 2056.667 0.000254471 100.00
2056.667 2060.000 0.000339897 100.00
2060.000 2063.333 0.001291134 100.00
2063.333 2066.667 0.002021371 100.00
2066.667 2070.000 0.002178322 100.00
2070.000 2073.333 0.002121056 100.00
2073.333 2076.667 0.001033464 100.00
2076.667 2080.000 0.000000000 100.00
2347.460 -96.000 23 2003.333 2006.667 0.000718962 100.00
2006.667 2010.000 0.000520874 100.00
2010.000 2013.333 0.000998212 100.00
2013.333 2016.667 0.001296332 100.00
2016.667 2020.000 0.000000000 100.00
2020.000 2023.333 0.000000000 100.00
2023.333 2026.667 0.000000000 100.00
2026.667 2030.000 0.000155318 100.00
2030.000 2033.333 0.000206341 100.00
2033.333 2036.667 0.000466680 100.00
2036.667 2040.000 0.000696223 100.00
2040.000 2043.333 0.000772593 100.00
2043.333 2046.667 0.000765056 100.00
2046.667 2050.000 0.000589318 100.00
2050.000 2053.333 0.000444116 100.00
2053.333 2056.667 0.000357888 100.00
2056.667 2060.000 0.000434368 100.00
2060.000 2063.333 0.001314842 100.00
2063.333 2066.667 0.002056270 100.00
2066.667 2070.000 0.002223858 100.00
2070.000 2073.333 0.002072256 100.00
2073.333 2076.667 0.001165573 100.00
2076.667 2080.000 0.000000000 100.00
2347.460 -84.000 24 2003.333 2006.667 0.000761104 100.00
2006.667 2010.000 0.000761357 100.00
2010.000 2013.333 0.000929560 100.00
2013.333 2016.667 0.000691818 100.00
2016.667 2020.000 0.000153783 100.00
2020.000 2023.333 0.000000000 100.00
2023.333 2026.667 0.000143877 100.00
2026.667 2030.000 0.000207166 100.00
2030.000 2033.333 0.000305322 100.00
2033.333 2036.667 0.000593572 100.00
2036.667 2040.000 0.000819699 100.00
2040.000 2043.333 0.000895840 100.00
2043.333 2046.667 0.000892566 100.00
2046.667 2050.000 0.000718833 100.00
2050.000 2053.333 0.000571019 100.00
2053.333 2056.667 0.000482446 100.00
2056.667 2060.000 0.000574561 100.00
2060.000 2063.333 0.001475213 100.00
2063.333 2066.667 0.002157720 100.00
2066.667 2070.000 0.002295043 100.00
2070.000 2073.333 0.002127712 100.00
2073.333 2076.667 0.001469397 100.00
2076.667 2080.000 0.000000000 100.00
2080.000 2083.333 0.000000000 100.00
2347.460 -72.000 27 2000.000 2003.333 0.000786486 100.00
2003.333 2006.667 0.000000000 100.00
2006.667 2010.000 0.001020049 100.00
2010.000 2013.333 0.000984739 100.00
2013.333 2016.667 0.000699674 100.00
2016.667 2020.000 0.000266821 100.00
2020.000 2023.333 0.000138673 100.00
2023.333 2026.667 0.000160046 100.00
2026.667 2030.000 0.000251943 100.00
2030.000 2033.333 0.000436539 100.00
2033.333 2036.667 0.000742336 100.00
2036.667 2040.000 0.000954619 100.00
2040.000 2043.333 0.001023152 100.00
2043.333 2046.667 0.001019830 100.00
2046.667 2050.000 0.000846757 100.00
2050.000 2053.333 0.000698581 100.00
2053.333 2056.667 0.000610239 100.00
2056.667 2060.000 0.000720062 100.00
2060.000 2063.333 0.001643883 100.00
2063.333 2066.667 0.002235931 100.00
2066.667 2070.000 0.002353708 100.00
2070.000 2073.333 0.002218738 100.00
2073.333 2076.667 0.002208802 100.00
2076.667 2080.000 0.000000002 100.00
2080.000 2083.333 0.000000000 100.00
2083.333 2086.667 0.000000000 100.00
2086.667 2090.000 0.000000000 100.00
2347.460 -60.000 27 2000.000 2003.333 0.000911547 100.00
2003.333 2006.667 0.000000000 100.00
2006.667 2010.000 0.001129055 100.00
2010.000 2013.333 0.001073840 100.00
2013.333 2016.667 0.000811039 100.00
2016.667 2020.000 0.000373360 100.00
2020.000 2023.333 0.000230534 100.00
2023.333 2026.667 0.000229581 100.00
2026.667 2030.000 0.000366975 100.00
2030.000 2033.333 0.000575602 100.00
2033.333 2036.667 0.000883748 100.00
2036.667 2040.000 0.001081548 100.00
2040.000 2043.333 0.001142020 100.00
2043.333 2046.667 0.001137522 100.00
2046.667 2050.000 0.000964335 100.00
2050.000 2053.333 0.000815271 100.00
2053.333 2056.667 0.000725210 100.00
2056.667 2060.000 0.000844009 100.00
2060.000 2063.333 0.001766529 100.00
2063.333 2066.667 0.002233411 100.00
2066.667 2070.000 0.002306978 100.00
2070.000 2073.333 0.002035125 100.00
2073.333 2076.667 0.001712063 100.00
2076.667 2080.000 0.000574445 100.00
2080.000 2083.333 0.001599558 100.00
2083.333 2086.667 0.000000000 100.00
2086.667 2090.000 0.000000000 100.00
2347.460 -48.000 27 2000.000 2003.333 0.000982277 100.00
2003.333 2006.667 0.000357587 100.00
2006.667 2010.000 0.000830075 100.00
2010.000 2013.333 0.001168624 100.00
2013.333 2016.667 0.000934640 100.00
2016.667 2020.000 0.000481764 100.00
2020.000 2023.333 0.000320139 100.00
2023.333 2026.667 0.000316148 100.00
2026.667 2030.000 0.000469372 100.00
2030.000 2033.333 0.000690105 100.00
2033.333 2036.667 0.000999879 100.00
2036.667 2040.000 0.001190268 100.00
2040.000 2043.333 0.001246601 100.00
2043.333 2046.667 0.001241691 100.00
2046.667 2050.000 0.001068027 100.00
2050.000 2053.333 0.000916765 100.00
2053.333 2056.667 0.000824144 100.00
2056.667 2060.000 0.000945524 100.00
2060.000 2063.333 0.001853787 100.00
2063.333 2066.667 0.002200016 100.00
2066.667 2070.000 0.002271663 100.00
2070.000 2073.333 0.002027318 100.00
2073.333 2076.667 0.001551684 100.00
2076.667 2080.000 0.000501642 100.00
2080.000 2083.333 0.000911133 100.00
2083.333 2086.667 0.001202873 100.00
2086.667 2090.000 0.000000000 100.00
2347.460 -36.000 28 1996.667 2000.000 0.000991782 100.00
2000.000 2003.333 0.000000000 100.00
2003.333 2006.667 0.000707575 100.00
2006.667 2010.000 0.000764899 100.00
2010.000 2013.333 0.001252717 100.00
2013.333 2016.667 0.001033230 100.00
2016.667 2020.000 0.000572302 100.00
2020.000 2023.333 0.000401380 100.00
2023.333 2026.667 0.000395713 100.00
2026.667 2030.000 0.000556833 100.00
2030.000 2033.333 0.000784284 100.00
2033.333 2036.667 0.001096836 100.00
2036.667 2040.000 0.001285210 100.00
2040.000 2043.333 0.001340850 100.00
2043.333 2046.667 0.001336928 100.00
2046.667 2050.000 0.001162656 100.00
2050.000 2053.333 0.001009653 100.00
2053.333 2056.667 0.000914281 100.00
2056.667 2060.000 0.001033025 100.00
2060.000 2063.333 0.001911128 100.00
2063.333 2066.667 0.002157570 100.00
2066.667 2070.000 0.002245907 100.00
2070.000 2073.333 0.002038585 100.00
2073.333 2076.667 0.001511526 100.00
2076.667 2080.000 0.000514326 100.00
2080.000 2083.333 0.000794601 100.00
2083.333 2086.667 0.000947888 100.00
2086.667 2090.000 0.000000000 100.00
2347.460 -24.000 28 1996.667 2000.000 0.001036080 100.00
2000.000 2003.333 0.000000000 100.00
2003.333 2006.667 0.000997899 100.00
2006.667 2010.000 0.000787603 100.00
2010.000 2013.333 0.001311591 100.00
2013.333 2016.667 0.001096289 100.00
2016.667 2020.000 0.000627366 100.00
2020.000 2023.333 0.000450751 100.00
2023.333 2026.667 0.000442505 100.00
2026.667 2030.000 0.000605617 100.00
2030.000 2033.333 0.000835939 100.00
2033.333 2036.667 0.001150614 100.00
2036.667 2040.000 0.001339512 100.00
2040.000 2043.333 0.001395702 100.00
2043.333 2046.667 0.001392994 100.00
2046.667 2050.000 0.001218428 100.00
2050.000 2053.333 0.001064232 100.00
2053.333 2056.667 0.000967010 100.00
2056.667 2060.000 0.001085632 100.00
2060.000 2063.333 0.001928465 100.00
2063.333 2066.667 0.002086928 100.00
2066.667 2070.000 0.002225054 100.00
2070.000 2073.333 0.002053094 100.00
2073.333 2076.667 0.001497327 100.00
2076.667 2080.000 0.000543344 100.00
2080.000 2083.333 0.000772471 100.00
2083.333 2086.667 0.001133863 100.00
2086.667 2090.000 0.000000000 100.00
2347.460 -12.000 29 1993.333 1996.667 0.001014802 100.00
1996.667 2000.000 0.000000000 100.00
2000.000 2003.333 0.000000000 100.00
2003.333 2006.667 0.001250223 100.00
2006.667 2010.000 0.000826245 100.00
2010.000 2013.333 0.001350116 100.00
2013.333 2016.667 0.001134385 100.00
2016.667 2020.000 0.000658007 100.00
2020.000 2023.333 0.000476853 100.00
2023.333 2026.667 0.000465513 100.00
2026.667 2030.000 0.000629155 100.00
2030.000 2033.333 0.000861263 100.00
2033.333 2036.667 0.001177857 100.00
2036.667 2040.000 0.001367382 100.00
2040.000 2043.333 0.001424289 100.00
2043.333 2046.667 0.001423591 100.00
2046.667 2050.000 0.001249878 100.00
2050.000 2053.333 0.001095371 100.00
2053.333 2056.667 0.000995875 100.00
2056.667 2060.000 0.001107031 100.00
2060.000 2063.333 0.001873376 100.00
2063.333 2066.667 0.001981293 100.00
2066.667 2070.000 0.002159747 100.00
2070.000 2073.333 0.002051150 100.00
2073.333 2076.667 0.001497345 100.00
2076.667 2080.000 0.000555548 100.00
2080.000 2083.333 0.000762801 100.00
2083.333 2086.667 0.001054971 100.00
2086.667 2090.000 0.000000000 100.00
2347.460 0.000 29 1993.333 1996.667 0.001014802 100.00
1996.667 2000.000 0.000000000 100.00
2000.000 2003.333 0.000000000 100.00
2003.333 2006.667 0.001250223 100.00
2006.667 2010.000 0.000826245 100.00
2010.000 2013.333 0.001350116 100.00
2013.333 2016.667 0.001134385 100.00
2016.667 2020.000 0.000658007 100.00
2020.000 2023.333 0.000476853 100.00
2023.333 2026.667 0.000465513 100.00
2026.667 2030.000 0.000629155 100.00
2030.000 2033.333 0.000861263 100.00
2033.333 2036.667 0.001177857 100.00
2036.667 2040.000 0.001367382 100.00
2040.000 2043.333 0.001424289 100.00
2043.333 2046.667 0.001423591 100.00
2046.667 2050.000 0.001249878 100.00
2050.000 2053.333 0.001095371 100.00
2053.333 2056.667 0.000995875 100.00
2056.667 2060.000 0.001107031 100.00
2060.000 2063.333 0.001873376 100.00
2063.333 2066.667 0.001981293 100.00
2066.667 2070.000 0.002159747 100.00
2070.000 2073.333 0.002051150 100.00
2073.333 2076.667 0.001497345 100.00
2076.667 2080.000 0.000555548 100.00
2080.000 2083.333 0.000762801 100.00
2083.333 2086.667 0.001054971 100.00
2086.667 2090.000 0.000000000 100.00
2347.460 12.000 28 1996.667 2000.000 0.001036080 100.00
2000.000 2003.333 0.000000000 100.00
2003.333 2006.667 0.000997899 100.00
2006.667 2010.000 0.000787603 100.00
2010.000 2013.333 0.001311591 100.00
2013.333 2016.667 0.001096289 100.00
2016.667 2020.000 0.000627366 100.00
2020.000 2023.333 0.000450751 100.00
2023.333 2026.667 0.000442505 100.00
2026.667 2030.000 0.000605617 100.00
2030.000 2033.333 0.000835939 100.00
2033.333 2036.667 0.001150614 100.00
2036.667 2040.000 0.001339512 100.00
2040.000 2043.333 0.001395702 100.00
2043.333 2046.667 0.001392994 100.00
2046.667 2050.000 0.001218428 100.00
2050.000 2053.333 0.001064232 100.00
2053.333 2056.667 0.000967010 100.00
2056.667 2060.000 0.001085632 100.00
2060.000 2063.333 0.001928465 100.00
2063.333 2066.667 0.002086928 100.00
2066.667 2070.000 0.002225054 100.00
2070.000 2073.333 0.002053094 100.00
2073.333 2076.667 0.001497327 100.00
2076.667 2080.000 0.000543344 100.00
2080.000 2083.333 0.000772471 100.00
2083.333 2086.667 0.001133863 100.00
2086.667 2090.000 0.000000000 100.00
2347.460 24.000 28 1996.667 2000.000 0.000991782 100.00
2000.000 2003.333 0.000000000 100.00
2003.333 2006.667 0.000707575 100.00
2006.667 2010.000 0.000764899 100.00
2010.000 2013.333 0.001252717 100.00
2013.333 2016.667 0.001033230 100.00
2016.667 2020.000 0.000572302 100.00
2020.000 2023.333 0.000401380 100.00
2023.333 2026.667 0.000395713 100.00
2026.667 2030.000 0.000556833 100.00
2030.000 2033.333 0.000784284 100.00
2033.333 2036.667 0.001096836 100.00
2036.667 2040.000 0.001285210 100.00
2040.000 2043.333 0.001340850 100.00
2043.333 2046.667 0.001336928 100.00
2046.667 2050.000 0.001162656 100.00
2050.000 2053.333 0.001009653 100.00
2053.333 2056.667 0.000914281 100.00
2056.667 2060.000 0.001033025 100.00
2060.000 2063.333 0.001911128 100.00
2063.333 2066.667 0.002157570 100.00
2066.667 2070.000 0.002245907 100.00
2070.000 2073.333 0.002038585 100.00
2073.333 2076.667 0.001511526 100.00
2076.667 2080.000 0.000514326 100.00
2080.000 2083.333 0.000794601 100.00
2083.333 2086.667 0.000947888 100.00
2086.667 2090.000 0.000000000 100.00
2347.460 36.000 27 2000.000 2003.333 0.000982277 100.00
2003.333 2006.667 0.000357587 100.00
2006.667 2010.000 0.000830075 100.00
2010.000 2013.333 0.001168624 100.00
2013.333 2016.667 0.000934640 100.00
2016.667 2020.000 0.000481764 100.00
2020.000 2023.333 0.000320139 100.00
2023.333 2026.667 0.000316148 100.00
2026.667 2030.000 0.000469372 100.00
2030.000 2033.333 0.000690105 100.00
2033.333 2036.667 0.000999879 100.00
2036.667 2040.000 0.001190268 100.00
2040.000 2043.333 0.001246601 100.00
2043.333 2046.667 0.001241691 100.00
2046.667 2050.000 0.001068027 100.00
2050.000 2053.333 0.000916765 100.00
2053.333 2056.667 0.000824144 100.00
2056.667 2060.000 0.000945524 100.00
2060.000 2063.333 0.001853787 100.00
2063.333 2066.667 0.002200016 100.00
2066.667 2070.000 0.002271663 100.00
2070.000 2073.333 0.002027318 100.00
2073.333 2076.667 0.001551684 100.00
2076.667 2080.000 0.000501642 100.00
2080.000 2083.333 0.000911133 100.00
2083.333 2086.667 0.001202873 100.00
2086.667 2090.000 0.000000000 100.00
2347.460 48.000 27 2000.000 2003.333 0.000911547 100.00
2003.333 2006.667 0.000000000 100.00
2006.667 2010.000 0.001129055 100.00
2010.000 2013.333 0.001073840 100.00
2013.333 2016.667 0.000811039 100.00
2016.667 2020.000 0.000373360 100.00
2020.000 2023.333 0.000230534 100.00
2023.333 2026.667 0.000229581 100.00
2026.667 2030.000 0.000366975 100.00
2030.000 2033.333 0.000575602 100.00
2033.333 2036.667 0.000883748 100.00
2036.667 2040.000 0.001081548 100.00
2040.000 2043.333 0.001142020 100.00
2043.333 2046.667 0.001137522 100.00
2046.667 2050.000 0.000964335 100.00
2050.000 2053.333 0.000815271 100.00
2053.333 2056.667 0.000725210 100.00
2056.667 2060.000 0.000844009 100.00
2060.000 2063.333 0.001766529 100.00
2063.333 2066.667 0.002233411 100.00
2066.667 2070.000 0.002306978 100.00
2070.000 2073.333 0.002035125 100.00
2073.333 2076.667 0.001712063 100.00
2076.667 2080.000 0.000574445 100.00
2080.000 2083.333 0.001599558 100.00
2083.333 2086.667 0.000000000 100.00
2086.667 2090.000 0.000000000 100.00
2347.460 60.000 27 2000.000 2003.333 0.000786486 100.00
2003.333 2006.667 0.000000000 100.00
2006.667 2010.000 0.001020049 100.00
2010.000 2013.333 0.000984739 100.00
2013.333 2016.667 0.000699674 100.00
2016.667 2020.000 0.000266821 100.00
2020.000 2023.333 0.000138673 100.00
2023.333 2026.667 0.000160046 100.00
2026.667 2030.000 0.000251943 100.00
2030.000 2033.333 0.000436539 100.00
2033.333 2036.667 0.000742336 100.00
2036.667 2040.000 0.000954619 100.00
2040.000 2043.333 0.001023152 100.00
2043.333 2046.667 0.001019830 100.00
2046.667 2050.000 0.000846757 100.00
2050.000 2053.333 0.000698581 100.00
2053.333 2056.667 0.000610239 100.00
2056.667 2060.000 0.000720062 100.00
2060.000 2063.333 0.001643883 100.00
2063.333 2066.667 0.002235931 100.00
2066.667 2070.000 0.002353708 100.00
2070.000 2073.333 0.002218738 100.00
2073.333 2076.667 0.002208802 100.00
2076.667 2080.000 0.000000002 100.00
2080.000 2083.333 0.000000000 100.00
2083.333 2086.667 0.000000000 100.00
2086.667 2090.000 0.000000000 100.00
2347.460 72.000 24 2003.333 2006.667 0.000761104 100.00
2006.667 2010.000 0.000761357 100.00
2010.000 2013.333 0.000929560 100.00
2013.333 2016.667 0.000691818 100.00
2016.667 2020.000 0.000153783 100.00
2020.000 2023.333 0.000000000 100.00
2023.333 2026.667 0.000143877 100.00
2026.667 2030.000 0.000207166 100.00
2030.000 2033.333 0.000305322 100.00
2033.333 2036.667 0.000593572 100.00
2036.667 2040.000 0.000819699 100.00
2040.000 2043.333 0.000895840 100.00
2043.333 2046.667 0.000892566 100.00
2046.667 2050.000 0.000718833 100.00
2050.000 2053.333 0.000571019 100.00
2053.333 2056.667 0.000482446 100.00
2056.667 2060.000 0.000574561 100.00
2060.000 2063.333 0.001475213 100.00
2063.333 2066.667 0.002157720 100.00
2066.667 2070.000 0.002295043 100.00
2070.000 2073.333 0.002127712 100.00
2073.333 2076.667 0.001469397 100.00
2076.667 2080.000 0.000000000 100.00
2080.000 2083.333 0.000000000 100.00
2347.460 84.000 23 2003.333 2006.667 0.000718962 100.00
2006.667 2010.000 0.000520874 100.00
2010.000 2013.333 0.000998212 100.00
2013.333 2016.667 0.001296332 100.00
2016.667 2020.000 0.000000000 100.00
2020.000 2023.333 0.000000000 100.00
2023.333 2026.667 0.000000000 100.00
2026.667 2030.000 0.000155318 100.00
2030.000 2033.333 0.000206341 100.00
2033.333 2036.667 0.000466680 100.00
2036.667 2040.000 0.000696223 100.00
2040.000 2043.333 0.000772593 100.00
2043.333 2046.667 0.000765056 100.00
2046.667 2050.000 0.000589318 100.00
2050.000 2053.333 0.000444116 100.00
2053.333 2056.667 0.000357888 100.00
2056.667 2060.000 0.000434368 100.00
2060.000 2063.333 0.001314842 100.00
2063.333 2066.667 0.002056270 100.00
2066.667 2070.000 0.002223858 100.00
2070.000 2073.333 0.002072256 100.00
2073.333 2076.667 0.001165573 100.00
2076.667 2080.000 0.000000000 100.00
2347.460 96.000 22 2003.333 2006.667 0.000768175 100.00
2006.667 2010.000 0.000000000 100.00
2010.000 2013.333 0.002680535 100.00
2013.333 2016.667 0.001664787 100.00
2016.667 2020.000 0.000000000 100.00
2023.333 2026.667 0.000000000 100.00
2026.667 2030.000 0.000000000 100.00
2030.000 2033.333 0.000255559 100.00
2033.333 2036.667 0.000368915 100.00
2036.667 2040.000 0.000590364 100.00
2040.000 2043.333 0.000661052 100.00
2043.333 2046.667 0.000645747 100.00
2046.667 2050.000 0.000464738 100.00
2050.000 2053.333 0.000328431 100.00
2053.333 2056.667 0.000254471 100.00
2056.667 2060.000 0.000339897 100.00
2060.000 2063.333 0.001291134 100.00
2063.333 2066.667 0.002021371 100.00
2066.667 2070.000 0.002178322 100.00
2070.000 2073.333 0.002121056 100.00
2073.333 2076.667 0.001033464 100.00
2076.667 2080.000 0.000000000 100.00
2347.460 108.000 20 2006.667 2010.000 0.000629157 100.00
2010.000 2013.333 0.000000000 100.00
2013.333 2016.667 0.000000000 100.00
2023.333 2026.667 0.000000000 100.00
2026.667 2030.000 0.000000000 100.00
2030.000 2033.333 0.000298235 100.00
2033.333 2036.667 0.000307695 100.00
2036.667 2040.000 0.000495754 100.00
2040.000 2043.333 0.000559422 100.00
2043.333 2046.667 0.000540928 100.00
2046.667 2050.000 0.000361818 100.00
2050.000 2053.333 0.000260765 100.00
2053.333 2056.667 0.000242891 100.00
2056.667 2060.000 0.000463450 100.00
2060.000 2063.333 0.001722397 100.00
2063.333 2066.667 0.002128999 100.00
2066.667 2070.000 0.002211589 100.00
2070.000 2073.333 0.002225616 100.00
2073.333 2076.667 0.000763581 100.00
2076.667 2080.000 0.000000000 100.00
2347.460 120.000 17 2010.000 2013.333 0.000725507 100.00
2026.667 2030.000 0.000000000 100.00
2030.000 2033.333 0.000022291 100.00
2033.333 2036.667 0.000414267 100.00
2036.667 2040.000 0.000417629 100.00
2040.000 2043.333 0.000468875 100.00
2043.333 2046.667 0.000456141 100.00
2046.667 2050.000 0.000351674 100.00
2050.000 2053.333 0.000317548 100.00
2053.333 2056.667 0.000167347 100.00
2056.667 2060.000 0.000723671 100.00
2060.000 2063.333 0.002395639 100.00
2063.333 2066.667 0.002165268 100.00
2066.667 2070.000 0.002307473 100.00
2070.000 2073.333 0.002125788 100.00
2073.333 2076.667 0.000000002 100.00
2076.667 2080.000 0.000000000 100.00
2347.460 132.000 15 2026.667 2030.000 0.000742553 100.00
2030.000 2033.333 0.000000000 100.00
2033.333 2036.667 0.000744761 100.00
2036.667 2040.000 0.000388365 100.00
2040.000 2043.333 0.000415886 100.00
2043.333 2046.667 0.000460882 100.00
2046.667 2050.000 0.000484412 100.00
2050.000 2053.333 0.000000000 100.00
2053.333 2056.667 0.000000000 100.00
2056.667 2060.000 0.000000000 100.00
2060.000 2063.333 0.002277758 100.00
2063.333 2066.667 0.002350580 100.00
2066.667 2070.000 0.002421213 100.00
2070.000 2073.333 0.001594438 100.00
2073.333 2076.667 0.000000000 100.00
2347.460 144.000 13 2030.000 2033.333 0.000567840 100.00
2033.333 2036.667 0.000000000 100.00
2036.667 2040.000 0.000652334 100.00
2040.000 2043.333 0.000498432 100.00
2043.333 2046.667 0.000599154 100.00
2046.667 2050.000 0.000000000 100.00
2050.000 2053.333 0.000000000 100.00
2056.667 2060.000 0.000000000 100.00
2060.000 2063.333 0.001334721 100.00
2063.333 2066.667 0.002270391 100.00
2066.667 2070.000 0.002026884 100.00
2070.000 2073.333 0.000000000 100.00
2073.333 2076.667 0.000000000 100.00
2347.460 156.000 10 2033.333 2036.667 0.000000000 100.00
2036.667 2040.000 0.000000000 100.00
2040.000 2043.333 0.000000000 100.00
2043.333 2046.667 0.000000000 100.00
2046.667 2050.000 0.000000000 100.00
2056.667 2060.000 0.000000000 100.00
2060.000 2063.333 0.000000000 100.00
2063.333 2066.667 0.000000000 100.00
2066.667 2070.000 0.000000000 100.00
2070.000 2073.333 0.000000000 100.00
2347.460 168.000 4 2060.000 2063.333 0.000000000 100.00
2063.333 2066.667 0.000000000 100.00
2066.667 2070.000 0.000000000 100.00
2070.000 2073.333 0.000000000 100.00
2347.460 180.000 4 2060.000 2063.333 0.000000000 100.00
2063.333 2066.667 0.000000000 100.00
2066.667 2070.000 0.000000000 100.00
2070.000 2073.333 0.000000000 100.00
/
