FRTRWELL
DESIGN_stage_1 2347.460 0.000 2064.100
2347.460 -180.000 4 2060.000 2063.333 0.000000000 0.00
2063.333 2066.667 0.000000000 415.39
2066.667 2070.000 0.000000000 0.00
2070.000 2073.333 0.000000000 0.00
2347.460 -168.000 9 2033.333 2036.667 0.000000000 0.00
2036.667 2040.000 0.000000000 0.00
2040.000 2043.333 0.000000000 0.00
2043.333 2046.667 0.000000000 0.00
2056.667 2060.000 0.000000000 0.00
2060.000 2063.333 0.000000000 0.00
2063.333 2066.667 0.000000000 0.00
2066.667 2070.000 0.000000000 0.00
2070.000 2073.333 0.000000000 0.00
2347.460 -156.000 13 2030.000 2033.333 0.000391366 0.00
2033.333 2036.667 0.000000000 0.00
2036.667 2040.000 0.000626145 621.87
2040.000 2043.333 0.000477671 689.78
2043.333 2046.667 0.000540453 661.71
2046.667 2050.000 0.000000000 0.00
2050.000 2053.333 0.000000000 0.00
2056.667 2060.000 0.000000000 0.00
2060.000 2063.333 0.000000000 0.00
2063.333 2066.667 0.001779634 1047.30
2066.667 2070.000 0.001663853 886.62
2070.000 2073.333 0.000000000 0.00
2073.333 2076.667 0.000000000 341.30
2347.460 -144.000 15 2026.667 2030.000 0.000773411 0.00
2030.000 2033.333 0.000000000 0.00
2033.333 2036.667 0.000794742 491.15
2036.667 2040.000 0.000440689 761.91
2040.000 2043.333 0.000470635 842.13
2043.333 2046.667 0.000552483 766.63
2046.667 2050.000 0.000505428 533.22
2050.000 2053.333 0.000000000 0.00
2053.333 2056.667 0.000000000 346.45
2056.667 2060.000 0.000000000 0.00
2060.000 2063.333 0.002151915 584.25
2063.333 2066.667 0.002640165 1224.69
2066.667 2070.000 0.002562309 1282.11
2070.000 2073.333 0.001482800 596.09
2073.333 2076.667 0.000000000 0.00
2347.460 -132.000 17 2010.000 2013.333 0.000799686 0.00
2026.667 2030.000 0.000000000 348.22
2030.000 2033.333 0.000000000 0.00
2033.333 2036.667 0.000481870 567.99
2036.667 2040.000 0.000462742 972.70
2040.000 2043.333 0.000520187 1063.10
2043.333 2046.667 0.000507185 1029.81
2046.667 2050.000 0.000397332 593.16
2050.000 2053.333 0.000343239 463.49
2053.333 2056.667 0.000150407 429.65
2056.667 2060.000 0.000668173 590.91
2060.000 2063.333 0.002611372 1085.14
2063.333 2066.667 0.002635641 900.30
2066.667 2070.000 0.002696062 1048.25
2070.000 2073.333 0.002120455 763.63
2073.333 2076.667 0.000000002 341.30
2076.667 2080.000 0.000000000 0.00
2347.460 -120.000 20 2006.667 2010.000 0.000719504 361.43
2010.000 2013.333 0.000000000 435.70
2013.333 2016.667 0.000000000 0.00
2023.333 2026.667 0.000000000 0.00
2026.667 2030.000 0.000000000 0.00
2030.000 2033.333 0.000328697 468.38
2033.333 2036.667 0.000343171 786.02
2036.667 2040.000 0.000555855 1145.75
2040.000 2043.333 0.000629315 1209.53
2043.333 2046.667 0.000608822 1201.29
2046.667 2050.000 0.000404452 877.42
2050.000 2053.333 0.000291396 641.89
2053.333 2056.667 0.000274791 514.69
2056.667 2060.000 0.000539720 518.78
2060.000 2063.333 0.002058957 1258.45
2063.333 2066.667 0.002583150 913.13
2066.667 2070.000 0.002666669 792.78
2070.000 2073.333 0.002346469 1210.61
2073.333 2076.667 0.000758617 684.50
2076.667 2080.000 0.000000000 0.00
2347.460 -108.000 22 2003.333 2006.667 0.000852961 0.00
2006.667 2010.000 0.000000000 0.00
2010.000 2013.333 0.002689893 1084.56
2013.333 2016.667 0.001550192 946.96
2016.667 2020.000 0.000000000 348.13
2023.333 2026.667 0.000000000 335.80
2026.667 2030.000 0.000000000 0.00
2030.000 2033.333 0.000286069 502.72
2033.333 2036.667 0.000416529 1008.16
2036.667 2040.000 0.000671975 1252.74
2040.000 2043.333 0.000755679 1240.95
2043.333 2046.667 0.000739194 1241.67
2046.667 2050.000 0.000529275 1192.28
2050.000 2053.333 0.000372079 1080.21
2053.333 2056.667 0.000286703 959.81
2056.667 2060.000 0.000380309 875.77
2060.000 2063.333 0.001494603 1251.99
2063.333 2066.667 0.002432440 832.90
2066.667 2070.000 0.002623927 649.86
2070.000 2073.333 0.002457058 1027.25
2073.333 2076.667 0.001079211 827.73
2076.667 2080.000 0.000000000 0.00
2347.460 -96.000 23 2003.333 2006.667 0.000845738 345.72
2006.667 2010.000 0.000612955 1113.20
2010.000 2013.333 0.001201754 1328.74
2013.333 2016.667 0.001528791 1075.50
2016.667 2020.000 0.000000000 0.00
2020.000 2023.333 0.000000000 338.56
2023.333 2026.667 0.000000000 0.00
2026.667 2030.000 0.000174915 518.84
2030.000 2033.333 0.000235533 780.21
2033.333 2036.667 0.000536344 1208.85
2036.667 2040.000 0.000807105 1205.10
2040.000 2043.333 0.000899989 1099.73
2043.333 2046.667 0.000893045 1074.35
2046.667 2050.000 0.000685675 1130.79
2050.000 2053.333 0.000515247 1170.03
2053.333 2056.667 0.000414412 1166.54
2056.667 2060.000 0.000501587 1146.07
2060.000 2063.333 0.001552709 1090.13
2063.333 2066.667 0.002514080 672.01
2066.667 2070.000 0.002714888 539.38
2070.000 2073.333 0.002441980 830.16
2073.333 2076.667 0.001220970 1034.28
2076.667 2080.000 0.000000000 308.72
2347.460 -84.000 24 2003.333 2006.667 0.000903326 0.00
2006.667 2010.000 0.000859490 1133.95
2010.000 2013.333 0.001067300 1319.55
2013.333 2016.667 0.000797204 1247.18
2016.667 2020.000 0.000183795 872.72
2020.000 2023.333 0.000000000 0.00
2023.333 2026.667 0.000161867 634.53
2026.667 2030.000 0.000242256 780.27
2030.000 2033.333 0.000354070 1091.62
2033.333 2036.667 0.000695316 1211.18
2036.667 2040.000 0.000968795 1000.29
2040.000 2043.333 0.001064597 858.68
2043.333 2046.667 0.001063571 819.21
2046.667 2050.000 0.000855167 868.87
2050.000 2053.333 0.000678751 944.55
2053.333 2056.667 0.000574070 994.65
2056.667 2060.000 0.000686557 998.90
2060.000 2063.333 0.001800041 812.87
2063.333 2066.667 0.002695983 548.14
2066.667 2070.000 0.002842981 473.97
2070.000 2073.333 0.002533560 715.13
2073.333 2076.667 0.001554445 1087.45
2076.667 2080.000 0.000000000 0.00
2080.000 2083.333 0.000000000 0.00
2347.460 -72.000 27 2000.000 2003.333 0.000942946 0.00
2003.333 2006.667 0.000000000 0.00
2006.667 2010.000 0.001143504 1122.84
2010.000 2013.333 0.001132773 1258.17
2013.333 2016.667 0.000804590 1271.51
2016.667 2020.000 0.000309349 1009.56
2020.000 2023.333 0.000167175 1002.14
2023.333 2026.667 0.000187292 1072.72
2026.667 2030.000 0.000299224 1158.27
2030.000 2033.333 0.000517861 1164.68
2033.333 2036.667 0.000885878 972.09
2036.667 2040.000 0.001149332 747.01
2040.000 2043.333 0.001239578 639.22
2043.333 2046.667 0.001240098 608.25
2046.667 2050.000 0.001030499 620.56
2050.000 2053.333 0.000851853 657.19
2053.333 2056.667 0.000747189 679.39
2056.667 2060.000 0.000890142 660.96
2060.000 2063.333 0.002067571 577.12
2063.333 2066.667 0.002841208 472.95
2066.667 2070.000 0.002955422 440.71
2070.000 2073.333 0.002661341 645.42
2073.333 2076.667 0.002337656 948.83
2076.667 2080.000 0.000000002 308.72
2080.000 2083.333 0.000000000 0.00
2083.333 2086.667 0.000000000 0.00
2086.667 2090.000 0.000000000 0.00
2347.460 -60.000 27 2000.000 2003.333 0.001105122 0.00
2003.333 2006.667 0.000050083 917.26
2006.667 2010.000 0.001228731 1099.69
2010.000 2013.333 0.001245686 1162.55
2013.333 2016.667 0.000942759 1169.27
2016.667 2020.000 0.000440026 1157.29
2020.000 2023.333 0.000278895 1116.70
2023.333 2026.667 0.000280348 1069.00
2026.667 2030.000 0.000445215 1008.83
2030.000 2033.333 0.000696395 866.97
2033.333 2036.667 0.001073543 683.96
2036.667 2040.000 0.001324667 558.84
2040.000 2043.333 0.001408417 499.36
2043.333 2046.667 0.001409702 481.62
2046.667 2050.000 0.001199653 467.81
2050.000 2053.333 0.001019323 467.56
2053.333 2056.667 0.000912583 460.89
2056.667 2060.000 0.001074719 439.29
2060.000 2063.333 0.002274632 452.43
2063.333 2066.667 0.002864158 434.62
2066.667 2070.000 0.002935550 424.45
2070.000 2073.333 0.002520340 505.80
2073.333 2076.667 0.001875913 990.30
2076.667 2080.000 0.000706196 842.71
2080.000 2083.333 0.001630762 455.81
2083.333 2086.667 0.000000000 0.00
2086.667 2090.000 0.000000000 0.00
2347.460 -48.000 27 2000.000 2003.333 0.001212626 0.00
2003.333 2006.667 0.000414039 925.93
2006.667 2010.000 0.000939849 1162.24
2010.000 2013.333 0.001368216 1035.81
2013.333 2016.667 0.001103683 943.78
2016.667 2020.000 0.000580636 892.83
2020.000 2023.333 0.000396242 814.46
2023.333 2026.667 0.000394882 744.94
2026.667 2030.000 0.000581235 675.90
2030.000 2033.333 0.000850843 582.01
2033.333 2036.667 0.001234775 507.71
2036.667 2040.000 0.001480333 458.33
2040.000 2043.333 0.001561789 429.14
2043.333 2046.667 0.001564961 420.59
2046.667 2050.000 0.001354813 397.35
2050.000 2053.333 0.001171213 384.51
2053.333 2056.667 0.001060552 372.05
2056.667 2060.000 0.001229941 358.50
2060.000 2063.333 0.002420669 407.77
2063.333 2066.667 0.002818030 419.57
2066.667 2070.000 0.002897480 418.19
2070.000 2073.333 0.002509151 457.30
2073.333 2076.667 0.001834027 807.26
2076.667 2080.000 0.000616683 1048.53
2080.000 2083.333 0.001051042 753.71
2083.333 2086.667 0.001305826 430.15
2086.667 2090.000 0.000000000 302.77
2347.460 -36.000 28 1996.667 2000.000 0.001238705 0.00
2000.000 2003.333 0.000000000 0.00
2003.333 2006.667 0.000831297 1004.51
2006.667 2010.000 0.000871227 1195.37
2010.000 2013.333 0.001480308 906.08
2013.333 2016.667 0.001238893 720.88
2016.667 2020.000 0.000703948 601.60
2020.000 2023.333 0.000506578 538.89
2023.333 2026.667 0.000503732 497.58
2026.667 2030.000 0.000701979 468.94
2030.000 2033.333 0.000982944 436.94
2033.333 2036.667 0.001373811 427.15
2036.667 2040.000 0.001619532 414.06
2040.000 2043.333 0.001702702 399.86
2043.333 2046.667 0.001709403 397.01
2046.667 2050.000 0.001498809 373.52
2050.000 2053.333 0.001312224 360.17
2053.333 2056.667 0.001196775 349.23
2056.667 2060.000 0.001363609 339.98
2060.000 2063.333 0.002513719 397.55
2063.333 2066.667 0.002755186 434.88
2066.667 2070.000 0.002872652 416.57
2070.000 2073.333 0.002543715 431.04
2073.333 2076.667 0.001801667 685.92
2076.667 2080.000 0.000636710 1090.14
2080.000 2083.333 0.000916725 869.24
2083.333 2086.667 0.001045593 460.98
2086.667 2090.000 0.000000000 0.00
2347.460 -24.000 28 1996.667 2000.000 0.001303641 0.00
2000.000 2003.333 0.000000000 0.00
2003.333 2006.667 0.001121425 1056.52
2006.667 2010.000 0.000931546 1162.25
2010.000 2013.333 0.001563363 803.65
2013.333 2016.667 0.001330069 584.29
2016.667 2020.000 0.000782608 460.29
2020.000 2023.333 0.000576669 419.05
2023.333 2026.667 0.000570951 396.80
2026.667 2030.000 0.000773297 390.27
2030.000 2033.333 0.001060357 384.26
2033.333 2036.667 0.001456925 397.72
2036.667 2040.000 0.001705977 398.29
2040.000 2043.333 0.001792267 390.60
2043.333 2046.667 0.001801954 417.37
2046.667 2050.000 0.001589966 402.20
2050.000 2053.333 0.001399712 393.51
2053.333 2056.667 0.001279180 386.29
2056.667 2060.000 0.001442662 380.21
2060.000 2063.333 0.002533152 421.88
2063.333 2066.667 0.002654710 434.88
2066.667 2070.000 0.002861468 416.24
2070.000 2073.333 0.002588477 409.63
2073.333 2076.667 0.001813674 531.40
2076.667 2080.000 0.000683370 930.85
2080.000 2083.333 0.000906977 1147.19
2083.333 2086.667 0.001281201 610.10
2086.667 2090.000 0.000000000 0.00
2347.460 -12.000 29 1993.333 1996.667 0.001281571 0.00
1996.667 2000.000 0.000000000 0.00
2000.000 2003.333 0.000000000 331.09
2003.333 2006.667 0.001384751 1111.53
2006.667 2010.000 0.000983232 1096.87
2010.000 2013.333 0.001617022 729.38
2013.333 2016.667 0.001385923 510.34
2016.667 2020.000 0.000828236 399.19
2020.000 2023.333 0.000615462 371.52
2023.333 2026.667 0.000606360 358.93
2026.667 2030.000 0.000810743 362.79
2030.000 2033.333 0.001102267 367.00
2033.333 2036.667 0.001504154 388.69
2036.667 2040.000 0.001756700 394.22
2040.000 2043.333 0.001845631 416.26
2043.333 2046.667 0.001857059 417.37
2046.667 2050.000 0.001641866 402.20
2050.000 2053.333 0.001446465 393.51
2053.333 2056.667 0.001318759 386.29
2056.667 2060.000 0.001465833 380.21
2060.000 2063.333 0.002436446 421.88
2063.333 2066.667 0.002510796 434.88
2066.667 2070.000 0.002781587 415.82
2070.000 2073.333 0.002607262 396.25
2073.333 2076.667 0.001841673 439.11
2076.667 2080.000 0.000708806 708.08
2080.000 2083.333 0.000909493 1170.51
2083.333 2086.667 0.001199025 785.17
2086.667 2090.000 0.000000000 0.00
2347.460 0.000 29 1993.333 1996.667 0.001281571 0.00
1996.667 2000.000 0.000000000 0.00
2000.000 2003.333 0.000000000 331.09
2003.333 2006.667 0.001384751 1111.53
2006.667 2010.000 0.000983232 1096.87
2010.000 2013.333 0.001617022 729.38
2013.333 2016.667 0.001385923 510.34
2016.667 2020.000 0.000828236 399.19
2020.000 2023.333 0.000615462 371.52
2023.333 2026.667 0.000606360 358.93
2026.667 2030.000 0.000810743 362.79
2030.000 2033.333 0.001102267 367.00
2033.333 2036.667 0.001504154 388.69
2036.667 2040.000 0.001756700 394.22
2040.000 2043.333 0.001845631 416.26
2043.333 2046.667 0.001857059 417.37
2046.667 2050.000 0.001641866 402.20
2050.000 2053.333 0.001446465 393.51
2053.333 2056.667 0.001318759 386.29
2056.667 2060.000 0.001465833 380.21
2060.000 2063.333 0.002436446 421.88
2063.333 2066.667 0.002510796 434.88
2066.667 2070.000 0.002781587 415.82
2070.000 2073.333 0.002607262 396.25
2073.333 2076.667 0.001841673 439.11
2076.667 2080.000 0.000708806 708.08
2080.000 2083.333 0.000909493 1170.51
2083.333 2086.667 0.001199025 785.17
2086.667 2090.000 0.000000000 0.00
2347.460 12.000 28 1996.667 2000.000 0.001303641 0.00
2000.000 2003.333 0.000000000 0.00
2003.333 2006.667 0.001121425 1056.52
2006.667 2010.000 0.000931546 1162.25
2010.000 2013.333 0.001563363 803.65
2013.333 2016.667 0.001330069 584.29
2016.667 2020.000 0.000782608 460.29
2020.000 2023.333 0.000576669 419.05
2023.333 2026.667 0.000570951 396.80
2026.667 2030.000 0.000773297 390.27
2030.000 2033.333 0.001060357 384.26
2033.333 2036.667 0.001456925 397.72
2036.667 2040.000 0.001705977 398.29
2040.000 2043.333 0.001792267 390.60
2043.333 2046.667 0.001801954 417.37
2046.667 2050.000 0.001589966 402.20
2050.000 2053.333 0.001399712 393.51
2053.333 2056.667 0.001279180 386.29
2056.667 2060.000 0.001442662 380.21
2060.000 2063.333 0.002533152 421.88
2063.333 2066.667 0.002654710 434.88
2066.667 2070.000 0.002861468 416.24
2070.000 2073.333 0.002588477 409.63
2073.333 2076.667 0.001813674 531.40
2076.667 2080.000 0.000683370 930.85
2080.000 2083.333 0.000906977 1147.19
2083.333 2086.667 0.001281201 610.10
2086.667 2090.000 0.000000000 0.00
2347.460 24.000 28 1996.667 2000.000 0.001238705 0.00
2000.000 2003.333 0.000000000 0.00
2003.333 2006.667 0.000831297 1004.51
2006.667 2010.000 0.000871227 1195.37
2010.000 2013.333 0.001480308 906.08
2013.333 2016.667 0.001238893 720.88
2016.667 2020.000 0.000703948 601.60
2020.000 2023.333 0.000506578 538.89
2023.333 2026.667 0.000503732 497.58
2026.667 2030.000 0.000701979 468.94
2030.000 2033.333 0.000982944 436.94
2033.333 2036.667 0.001373811 427.15
2036.667 2040.000 0.001619532 414.06
2040.000 2043.333 0.001702702 399.86
2043.333 2046.667 0.001709403 397.01
2046.667 2050.000 0.001498809 373.52
2050.000 2053.333 0.001312224 360.17
2053.333 2056.667 0.001196775 349.23
2056.667 2060.000 0.001363609 339.98
2060.000 2063.333 0.002513719 397.55
2063.333 2066.667 0.002755186 434.88
2066.667 2070.000 0.002872652 416.57
2070.000 2073.333 0.002543715 431.04
2073.333 2076.667 0.001801667 685.92
2076.667 2080.000 0.000636710 1090.14
2080.000 2083.333 0.000916725 869.24
2083.333 2086.667 0.001045593 460.98
2086.667 2090.000 0.000000000 0.00
2347.460 36.000 27 2000.000 2003.333 0.001212626 0.00
2003.333 2006.667 0.000414039 925.93
2006.667 2010.000 0.000939849 1162.24
2010.000 2013.333 0.001368216 1035.81
2013.333 2016.667 0.001103683 943.78
2016.667 2020.000 0.000580636 892.83
2020.000 2023.333 0.000396242 814.46
2023.333 2026.667 0.000394882 744.94
2026.667 2030.000 0.000581235 675.90
2030.000 2033.333 0.000850843 582.01
2033.333 2036.667 0.001234775 507.71
2036.667 2040.000 0.001480333 458.33
2040.000 2043.333 0.001561789 429.14
2043.333 2046.667 0.001564961 420.59
2046.667 2050.000 0.001354813 397.35
2050.000 2053.333 0.001171213 384.51
2053.333 2056.667 0.001060552 372.05
2056.667 2060.000 0.001229941 358.50
2060.000 2063.333 0.002420669 407.77
2063.333 2066.667 0.002818030 419.57
2066.667 2070.000 0.002897480 418.19
2070.000 2073.333 0.002509151 457.30
2073.333 2076.667 0.001834027 807.26
2076.667 2080.000 0.000616683 1048.53
2080.000 2083.333 0.001051042 753.71
2083.333 2086.667 0.001305826 430.15
2086.667 2090.000 0.000000000 302.77
2347.460 48.000 27 2000.000 2003.333 0.001105122 0.00
2003.333 2006.667 0.000050083 917.26
2006.667 2010.000 0.001228731 1099.69
2010.000 2013.333 0.001245686 1162.55
2013.333 2016.667 0.000942759 1169.27
2016.667 2020.000 0.000440026 1157.29
2020.000 2023.333 0.000278895 1116.70
2023.333 2026.667 0.000280348 1069.00
2026.667 2030.000 0.000445215 1008.83
2030.000 2033.333 0.000696395 866.97
2033.333 2036.667 0.001073543 683.96
2036.667 2040.000 0.001324667 558.84
2040.000 2043.333 0.001408417 499.36
2043.333 2046.667 0.001409702 481.62
2046.667 2050.000 0.001199653 467.81
2050.000 2053.333 0.001019323 467.56
2053.333 2056.667 0.000912583 460.89
2056.667 2060.000 0.001074719 439.29
2060.000 2063.333 0.002274632 452.43
2063.333 2066.667 0.002864158 434.62
2066.667 2070.000 0.002935550 424.45
2070.000 2073.333 0.002520340 505.80
2073.333 2076.667 0.001875913 990.30
2076.667 2080.000 0.000706196 842.71
2080.000 2083.333 0.001630762 455.81
2083.333 2086.667 0.000000000 0.00
2086.667 2090.000 0.000000000 0.00
2347.460 60.000 27 2000.000 2003.333 0.000942946 0.00
2003.333 2006.667 0.000000000 0.00
2006.667 2010.000 0.001143504 1122.84
2010.000 2013.333 0.001132773 1258.17
2013.333 2016.667 0.000804590 1271.51
2016.667 2020.000 0.000309349 1009.56
2020.000 2023.333 0.000167175 1002.14
2023.333 2026.667 0.000187292 1072.72
2026.667 2030.000 0.000299224 1158.27
2030.000 2033.333 0.000517861 1164.68
2033.333 2036.667 0.000885878 972.09
2036.667 2040.000 0.001149332 747.01
2040.000 2043.333 0.001239578 639.22
2043.333 2046.667 0.001240098 608.25
2046.667 2050.000 0.001030499 620.56
2050.000 2053.333 0.000851853 657.19
2053.333 2056.667 0.000747189 679.39
2056.667 2060.000 0.000890142 660.96
2060.000 2063.333 0.002067571 577.12
2063.333 2066.667 0.002841208 472.95
2066.667 2070.000 0.002955422 440.71
2070.000 2073.333 0.002661341 645.42
2073.333 2076.667 0.002337656 948.83
2076.667 2080.000 0.000000002 308.72
2080.000 2083.333 0.000000000 0.00
2083.333 2086.667 0.000000000 0.00
2086.667 2090.000 0.000000000 0.00
2347.460 72.000 24 2003.333 2006.667 0.000903326 0.00
2006.667 2010.000 0.000859490 1133.95
2010.000 2013.333 0.001067300 1319.55
2013.333 2016.667 0.000797204 1247.18
2016.667 2020.000 0.000183795 872.72
2020.000 2023.333 0.000000000 0.00
2023.333 2026.667 0.000161867 634.53
2026.667 2030.000 0.000242256 780.27
2030.000 2033.333 0.000354070 1091.62
2033.333 2036.667 0.000695316 1211.18
2036.667 2040.000 0.000968795 1000.29
2040.000 2043.333 0.001064597 858.68
2043.333 2046.667 0.001063571 819.21
2046.667 2050.000 0.000855167 868.87
2050.000 2053.333 0.000678751 944.55
2053.333 2056.667 0.000574070 994.65
2056.667 2060.000 0.000686557 998.90
2060.000 2063.333 0.001800041 812.87
2063.333 2066.667 0.002695983 548.14
2066.667 2070.000 0.002842981 473.97
2070.000 2073.333 0.002533560 715.13
2073.333 2076.667 0.001554445 1087.45
2076.667 2080.000 0.000000000 0.00
2080.000 2083.333 0.000000000 0.00
2347.460 84.000 23 2003.333 2006.667 0.000845738 345.72
2006.667 2010.000 0.000612955 1113.20
2010.000 2013.333 0.001201754 1328.74
2013.333 2016.667 0.001528791 1075.50
2016.667 2020.000 0.000000000 0.00
2020.000 2023.333 0.000000000 338.56
2023.333 2026.667 0.000000000 0.00
2026.667 2030.000 0.000174915 518.84
2030.000 2033.333 0.000235533 780.21
2033.333 2036.667 0.000536344 1208.85
2036.667 2040.000 0.000807105 1205.10
2040.000 2043.333 0.000899989 1099.73
2043.333 2046.667 0.000893045 1074.35
2046.667 2050.000 0.000685675 1130.79
2050.000 2053.333 0.000515247 1170.03
2053.333 2056.667 0.000414412 1166.54
2056.667 2060.000 0.000501587 1146.07
2060.000 2063.333 0.001552709 1090.13
2063.333 2066.667 0.002514080 672.01
2066.667 2070.000 0.002714888 539.38
2070.000 2073.333 0.002441980 830.16
2073.333 2076.667 0.001220970 1034.28
2076.667 2080.000 0.000000000 308.72
2347.460 96.000 22 2003.333 2006.667 0.000852961 0.00
2006.667 2010.000 0.000000000 0.00
2010.000 2013.333 0.002689893 1084.56
2013.333 2016.667 0.001550192 946.96
2016.667 2020.000 0.000000000 348.13
2023.333 2026.667 0.000000000 335.80
2026.667 2030.000 0.000000000 0.00
2030.000 2033.333 0.000286069 502.72
2033.333 2036.667 0.000416529 1008.16
2036.667 2040.000 0.000671975 1252.74
2040.000 2043.333 0.000755679 1240.95
2043.333 2046.667 0.000739194 1241.67
2046.667 2050.000 0.000529275 1192.28
2050.000 2053.333 0.000372079 1080.21
2053.333 2056.667 0.000286703 959.81
2056.667 2060.000 0.000380309 875.77
2060.000 2063.333 0.001494603 1251.99
2063.333 2066.667 0.002432440 832.90
2066.667 2070.000 0.002623927 649.86
2070.000 2073.333 0.002457058 1027.25
2073.333 2076.667 0.001079211 827.73
2076.667 2080.000 0.000000000 0.00
2347.460 108.000 20 2006.667 2010.000 0.000719504 361.43
2010.000 2013.333 0.000000000 435.70
2013.333 2016.667 0.000000000 0.00
2023.333 2026.667 0.000000000 0.00
2026.667 2030.000 0.000000000 0.00
2030.000 2033.333 0.000328697 468.38
2033.333 2036.667 0.000343171 786.02
2036.667 2040.000 0.000555855 1145.75
2040.000 2043.333 0.000629315 1209.53
2043.333 2046.667 0.000608822 1201.29
2046.667 2050.000 0.000404452 877.42
2050.000 2053.333 0.000291396 641.89
2053.333 2056.667 0.000274791 514.69
2056.667 2060.000 0.000539720 518.78
2060.000 2063.333 0.002058957 1258.45
2063.333 2066.667 0.002583150 913.13
2066.667 2070.000 0.002666669 792.78
2070.000 2073.333 0.002346469 1210.61
2073.333 2076.667 0.000758617 684.50
2076.667 2080.000 0.000000000 0.00
2347.460 120.000 17 2010.000 2013.333 0.000799686 0.00
2026.667 2030.000 0.000000000 348.22
2030.000 2033.333 0.000000000 0.00
2033.333 2036.667 0.000481870 567.99
2036.667 2040.000 0.000462742 972.70
2040.000 2043.333 0.000520187 1063.10
2043.333 2046.667 0.000507185 1029.81
2046.667 2050.000 0.000397332 593.16
2050.000 2053.333 0.000343239 463.49
2053.333 2056.667 0.000150407 429.65
2056.667 2060.000 0.000668173 590.91
2060.000 2063.333 0.002611372 1085.14
2063.333 2066.667 0.002635641 900.30
2066.667 2070.000 0.002696062 1048.25
2070.000 2073.333 0.002120455 763.63
2073.333 2076.667 0.000000002 341.30
2076.667 2080.000 0.000000000 0.00
2347.460 132.000 15 2026.667 2030.000 0.000773411 0.00
2030.000 2033.333 0.000000000 0.00
2033.333 2036.667 0.000794742 491.15
2036.667 2040.000 0.000440689 761.91
2040.000 2043.333 0.000470635 842.13
2043.333 2046.667 0.000552483 766.63
2046.667 2050.000 0.000505428 533.22
2050.000 2053.333 0.000000000 0.00
2053.333 2056.667 0.000000000 346.45
2056.667 2060.000 0.000000000 0.00
2060.000 2063.333 0.002151915 584.25
2063.333 2066.667 0.002640165 1224.69
2066.667 2070.000 0.002562309 1282.11
2070.000 2073.333 0.001482800 596.09
2073.333 2076.667 0.000000000 0.00
2347.460 144.000 13 2030.000 2033.333 0.000391366 0.00
2033.333 2036.667 0.000000000 0.00
2036.667 2040.000 0.000626145 621.87
2040.000 2043.333 0.000477671 689.78
2043.333 2046.667 0.000540453 661.71
2046.667 2050.000 0.000000000 0.00
2050.000 2053.333 0.000000000 0.00
2056.667 2060.000 0.000000000 0.00
2060.000 2063.333 0.000000000 0.00
2063.333 2066.667 0.001779634 1047.30
2066.667 2070.000 0.001663853 886.62
2070.000 2073.333 0.000000000 0.00
2073.333 2076.667 0.000000000 341.30
2347.460 156.000 9 2033.333 2036.667 0.000000000 0.00
2036.667 2040.000 0.000000000 0.00
2040.000 2043.333 0.000000000 0.00
2043.333 2046.667 0.000000000 0.00
2056.667 2060.000 0.000000000 0.00
2060.000 2063.333 0.000000000 0.00
2063.333 2066.667 0.000000000 0.00
2066.667 2070.000 0.000000000 0.00
2070.000 2073.333 0.000000000 0.00
2347.460 168.000 4 2060.000 2063.333 0.000000000 0.00
2063.333 2066.667 0.000000000 415.39
2066.667 2070.000 0.000000000 0.00
2070.000 2073.333 0.000000000 0.00
2347.460 180.000 4 2060.000 2063.333 0.000000000 0.00
2063.333 2066.667 0.000000000 415.39
2066.667 2070.000 0.000000000 0.00
2070.000 2073.333 0.000000000 0.00
/
