154
9772.12
9.59645 4.3885 
-10969.4
5.36243 3.17486 -5880.94
8.07174 4.34555 -10229.8
4.64142 2.54917 -1334.76
5.57682 2.90039 -5801.87
3.90047 2.56604 -2754.43
6.98025 2.72925 -7382.73
6.16323 2.47695 -5957.69
6.18426 1.99385 -5069.26
4.37998 3.09413 -4170.65
4.77628 3.10583 -4833.35
5.73891 2.70021 -5826.91
5.83395 3.27541 -6688.12
7.1688 3.66991 -8835.43
8.74558 3.88119 -9487.85
7.96434 4.25223 -10083.6
9.18496 4.0726 -10005.9
8.65967 4.60003 -10503.5
8.50815 4.43228 -10308.8
8.21224 4.40327 -10315.5
8.94638 4.24498 -10210.8
9.39932 4.30166 -10875.5
9.59645 4.3885 -10969.4
****************************************
0
4467.11
3047.44
4628.3
3203.26
2313.47
1787.04
1124.34
757.643
2517.47
4664.78
4654.5
4256.74
4179.03
3815.36
1473.4
1480.1
722.918
791.817
885.72
