10 0.00310734
20 0.00310734
30 0.000121707
40 0.000121707
50 0.000121707
60 0.000121707
70 2.65374e-06

10 0.0266823
20 0.0266823
30 0.00346986
40 2.71252e-05

10 0.0224184
20 0.00190609
30 0.00190609
40 0.00190609
50 0.00190609
60 0.00190609
70 0.00190609
80 0.00122631
90 1.74842e-05

10 0.00618305
20 0.00618305
30 0.00618305
40 0.00618305
50 0.00618305
60 0.00618305
70 0.00431255
80 0.00177268
90 0.000973931
100 0.000973931
110 0.000973931
120 0.000151831
130 0.000151831
140 1.81108e-06

10 7.413e-08


