300
1641.04
1.26799e+07 2.08399e+07 2.58536e+10 1.56541e+10 0.889029 
0.000767103
30 1.16482e+07 2.12423e+07 2.34147e+10 1.48753e+10 0.944843 0.00509567
60 1.25039e+07 1.91627e+07 2.61167e+10 1.56513e+10 0.880453 0.00156362
90 1.25039e+07 1.91627e+07 2.61167e+10 1.56513e+10 0.880453 0.00156362
120 1.25039e+07 1.91627e+07 2.61167e+10 1.56513e+10 0.880453 0.00156362
150 1.25039e+07 1.91627e+07 2.61167e+10 1.56513e+10 0.880453 0.00156362
180 1.25039e+07 1.91627e+07 2.61167e+10 1.56513e+10 0.880453 0.00156362
210 1.25039e+07 1.91627e+07 2.61167e+10 1.56513e+10 0.880453 0.00156362
240 1.26799e+07 2.08399e+07 2.58536e+10 1.56541e+10 0.889029 0.000767103
270 1.26799e+07 2.08399e+07 2.58536e+10 1.56541e+10 0.889029 0.000767103
300 1.26799e+07 2.08399e+07 2.58536e+10 1.56541e+10 0.889029 0.000767103
****************************************
0
0
0
0
0
0.000796522
0.000796522
0.000796522
