210
514.138
2.60562e+07 3.13646e+07 9.95166e+09 3.80362e+10 4.32255 
3.37968e-06
30 1.69813e+07 3.94338e+07 1e+09 3.30722e+10 6.23569 0.000590048
60 1.80801e+07 3.63993e+07 1.96514e+09 2.43809e+10 5.75441 0.000191693
90 1.80801e+07 3.63993e+07 1.96514e+09 2.43809e+10 5.75441 0.000191693
120 1.80801e+07 3.63993e+07 1.96514e+09 2.43809e+10 5.75441 0.000191693
150 1.80801e+07 3.63993e+07 1.96514e+09 2.43809e+10 5.75441 0.000191693
180 4e+07 1.5e+07 1e+09 3.205e+10 5.87548 0.000156868
210 2.60562e+07 3.13646e+07 9.95166e+09 3.80362e+10 4.32255 3.37968e-06
****************************************
0
0
0
3.48251e-05
0.000188314
