104
850.91
1.71196e+10 3.0593e+10 1.42717 
5.47795e-05
8 3.48277e+10 2.89493e+10 4.47029 inf
16 2.4345e+10 3.88369e+10 5.69461 inf
24 2.58345e+10 4.55798e+10 2.65197 0.180066
32 1.69771e+10 3.51296e+10 4.01552 9.6784
40 2.17163e+10 3.79831e+10 2.88889 0.168622
48 2.1693e+10 3.71713e+10 1.48765 0.00462161
56 2.43116e+10 2.84899e+10 3.65326 0.197937
64 2.05788e+10 3.50415e+10 2.21695 0.131526
72 1.70245e+10 3.57741e+10 3.12165 0.210321
80 1.52391e+10 2.88818e+10 2.06801 0.0947654
88 1.99926e+10 2.93133e+10 1.54519 0.00667303
96 1.70704e+10 2.84967e+10 1.56894 0.00462161
104 1.71196e+10 3.0593e+10 1.42717 5.47795e-05
****************************************
0
9.49833
9.50978
0.164
0.0293153
0.126904
0.0123836
0.103172
0.124852
0.205699
0.210266
