198
467.489
1.97726e+07 2.84003e+07 3.11642e+10 2.48171e+10 0.656252 
2.03316e-05
9 2.11004e+07 3.17585e+07 2.48857e+10 4.4921e+10 1.52167 0.147012
18 2.20177e+07 3.27304e+07 3.39165e+10 4.46355e+10 4.36368 inf
27 1.80529e+07 3.16442e+07 3.76987e+10 3.74714e+10 1.63541 0.279525
36 2.01117e+07 3.40182e+07 3.53318e+10 4.61438e+10 4.434 inf
45 1.91953e+07 3.32549e+07 3.15771e+10 3.94433e+10 3.00878 0.496544
54 2.52284e+07 3.479e+07 3.21082e+10 4.73948e+10 0.947307 0.0587242
63 2.20631e+07 3.72099e+07 3.15611e+10 4.88499e+10 5.40545 inf
72 2.27323e+07 3.44115e+07 2.74242e+10 3.76531e+10 1.72202 0.189361
81 2.07143e+07 3.1778e+07 3.59142e+10 4.32757e+10 2.57306 inf
90 2.10788e+07 3.13278e+07 3.15992e+10 3.67523e+10 2.48472 0.313034
99 1.85096e+07 3.15833e+07 3.89434e+10 3.60258e+10 2.45256 inf
108 1.90382e+07 3.04508e+07 3.94908e+10 2.73967e+10 2.09404 0.223686
117 2.05706e+07 3.2185e+07 4.1423e+10 3.1094e+10 2.30438 0.300441
126 2.20611e+07 3.11227e+07 3.58081e+10 2.7266e+10 1.47782 0.125907
135 2.62601e+07 3.04409e+07 3.486e+10 3.31213e+10 1.20959 0.0860958
144 2.31199e+07 3.09137e+07 3.38371e+10 2.97287e+10 0.680072 0.000248789
153 2.29975e+07 3.12679e+07 3.53816e+10 3.3915e+10 0.977724 0.0450602
162 2.19686e+07 3.23181e+07 2.92441e+10 3.13679e+10 0.920218 0.0367673
171 1.93865e+07 3.16518e+07 3.22393e+10 2.527e+10 1.46038 0.127618
180 1.78221e+07 3.05398e+07 2.95906e+10 3.14914e+10 1.13579 0.105883
189 1.7881e+07 2.9824e+07 2.77124e+10 2.45805e+10 0.682502 0.0144579
198 1.97726e+07 2.84003e+07 3.11642e+10 2.48171e+10 0.656252 2.03316e-05
****************************************
0
inf
inf
0.43782
inf
0.130637
nan
inf
inf
inf
inf
0.187127
inf
inf
0.178626
0.263674
0.172823
0.0200233
0.0716379
0.0860755
