105
7367.96
7.93065 4.79636 
-10680.1
7 7.08296 4.64103 -9784.45
14 7.85314 3.41773 -8896.12
21 6.89693 3.78519 -8744.64
28 5.72607 3.24033 -7672.95
35 4.00114 3.47699 -4405.93
42 7.22491 3.73738 -8692.73
49 7.30496 3.78265 -8777.69
56 8.72935 3.89945 -9359.08
63 9.13028 4.43828 -9869.24
70 8.7057 4.49297 -10160.4
77 8.15417 4.67202 -10572
84 7.50026 4.76632 -10872.4
91 7.85204 4.74376 -10713
98 7.89479 4.68362 -10658
105 7.93065 4.79636 -10680.1
****************************************
0
1071.69
3267.02
4286.8
4371.76
666.348
1091.55
1382.74
1212.94
1003.14
843.73
497.569
108.041
