9 inf
18 inf
27 0.410121
36 0.216715
45 0.333609
54 0.213656
63 0.184455
72 0.285681
81 0.439501
90 inf
99 0.224322
108 0.0611274
117 0.0076184
126 0.0144008
135 0.0931689
144 0.13657
153 0.0748857
162 5.58625e-07

9 0.569403
18 0.251726
27 0.259938
36 0.0854154
45 0.372119
54 0.437253
63 0.38686
72 0.00039146

9 0.335479
18 0.0100079
27 0.441936
36 0.228521
45 0.390795
54 0.481018
63 0.180976
72 0.372283
81 0.0278739
90 0.0662053
99 0.0474655
108 0.112203
117 0.015437
126 0.170824
135 0.228537
144 0.0726521
153 0.0070566
162 0.0132872
171 0.0609834
180 0.00146055
189 0.0242917
198 0.00348971
207 0.00565033
216 0.00053589

9 0.271357
18 0.443545
27 0.268786
36 0.430264
45 0.19844
54 0.278228
63 0.215361
72 0.0528936
81 0.00927494
90 0.0315613
99 0.0957273
108 0.167866
117 0.00693506
126 0.0106005
135 0.0482671
144 0.000197884

9 0.357939
18 0.187819
27 0.265546
36 0.36983
45 0.274027
54 0.358192
63 0.572952
72 0.136736
81 0.115699
90 0.00506203
99 0.23124
108 0.24496
117 0.154624
126 0.0583479
135 0.0100836
144 0.0487186
153 0.0130783
162 0.02372
171 0.000540988


