9 0.214445
18 0.0111416
27 0.176741
36 0.0556974
45 30.0139
54 0.0958913
63 0.0342615
72 inf
81 0.0138203
90 0.0077142
99 0.010802
108 3.13171e-06

9 0.239101
18 0.58935
27 inf
36 0.000705747
45 0.0982297
54 0.000141365
63 0.0527848
72 0.00150306
81 0.0377277
90 0.0231571
99 0.0249158
108 0.0225325
117 0.000767046
126 0.0233608
135 0.00623789
144 0.00628098
153 6.80083e-05

9 inf
18 inf
27 0.0561514
36 0.288142
45 0.393794
54 22.1092
63 0.00585918
72 0.0968965
81 0.500808
90 0.503799
99 0.00797206
108 0.0109759
117 0.00799748
126 0.00128335
135 9.04829e-06

9 0.00989539
18 inf
27 inf
36 0.00492516
45 0.0174411
54 20.5178
63 0.0400854
72 0.00456651
81 0.0216145
90 24.1111
99 0.00196732
108 0.0138866
117 0.134259
126 inf
135 0.0821597
144 0.002902
153 0.00140515
162 0.0268844
171 0.00261917
180 0.0142989
189 0.0974226
198 0.0745994
207 0.00350455
216 0.000600486
225 2.21184e-05

9 0.0583647
18 inf
27 0.0478469
36 0.52988
45 1.03559
54 1.02655
63 0.155763
72 0.10323
81 0.0129584
90 0.00438638
99 0.00258532
108 0.0323071
117 19.4598
126 0.140678
135 0.261466
144 0.055335
153 0.242757
162 39.5575
171 0.00144365
180 0.000163882
189 0.000902808
198 0.000310616
207 0.00573768
216 0.00367233
225 0.00275775
234 6.60427e-05


