198
1010.97
2.60999e+07 3.21755e+07 3.51679e+10 1.51089e+10 0.805334 
0.000937068
9 2.55007e+07 4.14469e+07 2.62467e+10 2.03491e+10 3.47339 0.42516
18 1.67745e+07 4.72418e+07 2.12943e+10 3.47024e+10 3.98752 0.39107
27 2.50717e+07 2.83345e+07 1.9995e+10 2.8792e+10 1.70828 0.162278
36 1.99413e+07 2.25788e+07 2.40096e+10 2.73285e+10 3.23878 inf
45 3.14667e+07 2.14752e+07 1.22221e+10 4.1264e+10 2.93744 0.36177
54 2.2153e+07 2.71352e+07 1.76355e+10 3.87719e+10 2.09739 0.295981
63 2.31321e+07 3.24208e+07 1.95611e+10 4.35485e+10 1.61303 0.229889
72 1.88541e+07 4.08217e+07 2.74264e+10 3.72948e+10 2.0313 0.28512
81 1.36491e+07 4.28177e+07 2.84818e+10 2.86338e+10 2.02028 0.253511
90 1.11608e+07 4.36343e+07 3.21906e+10 2.4976e+10 1.16784 0.0743632
99 1.22964e+07 3.95223e+07 3.1064e+10 1.58927e+10 1.25195 0.0683188
108 1.45118e+07 4.17169e+07 2.61416e+10 1.88269e+10 1.04011 0.0296426
117 2.03491e+07 3.38423e+07 1.98825e+10 1.72028e+10 1.08049 0.0341806
126 2.29688e+07 3.3836e+07 2.67011e+10 2.09202e+10 0.856347 0.00692947
135 2.52394e+07 3.2478e+07 3.19311e+10 2.27955e+10 0.816435 0.00750176
144 3.06512e+07 3.44949e+07 3.05313e+10 2.02826e+10 1.20508 0.070017
153 2.93743e+07 3.3949e+07 3.4384e+10 2.14041e+10 0.957715 0.0241273
162 3.17297e+07 3.43403e+07 3.72487e+10 2.21281e+10 1.08969 0.0121445
171 2.68717e+07 3.45179e+07 3.80575e+10 1.57754e+10 0.936381 0.0197472
180 2.25066e+07 3.51442e+07 3.62478e+10 1.37293e+10 0.794005 0.00112589
189 2.77915e+07 3.15257e+07 4.10657e+10 1.45089e+10 0.891391 0.00332093
198 2.60999e+07 3.21755e+07 3.51679e+10 1.51089e+10 0.805334 0.000937068
****************************************
0
inf
inf
0.0657889
0.131881
0.0108604
0.0236226
0.155525
0.216802
0.223869
0.219331
0.0674337
0.060817
0.00169821
0.00551533
0.0220361
0.0144334
0.00580358
0.00418083
0.00656469
