234
741.016
2.27295e+07 3.3218e+07 3.06124e+10 2.75626e+10 0.644571 
8.94156e-09
9 2.54199e+07 3.09304e+07 3.74629e+10 4.15212e+10 4.59058 inf
18 2.06278e+07 3.46396e+07 2.93028e+10 4.13165e+10 3.0166 0.584411
27 2.85619e+07 3.71104e+07 2.57056e+10 4.59613e+10 2.78234 inf
36 1.95925e+07 3.56214e+07 3.45607e+10 5.03681e+10 3.26268 0.591589
45 1.85285e+07 3.22044e+07 3.52217e+10 3.69781e+10 1.60239 0.306455
54 1.70024e+07 3.34766e+07 2.35049e+10 3.43955e+10 1.31723 0.162918
63 1.99771e+07 3.49651e+07 2.55898e+10 4.36511e+10 2.4779 0.443929
72 1.87698e+07 3.67542e+07 3.30863e+10 3.77472e+10 1.28965 0.189565
81 2.03596e+07 3.43969e+07 2.5398e+10 3.60931e+10 1.22731 0.154907
90 2.05688e+07 3.56964e+07 2.81764e+10 3.8966e+10 0.852954 0.0370344
99 2.13393e+07 3.52327e+07 2.73862e+10 2.82043e+10 0.93694 0.0476242
108 2.30883e+07 3.32701e+07 2.77312e+10 2.45549e+10 1.17065 0.131686
117 2.24618e+07 3.41841e+07 2.54188e+10 2.66215e+10 0.830274 0.0209515
126 2.41046e+07 3.2934e+07 2.31308e+10 2.93765e+10 0.814272 0.0157051
135 2.47617e+07 3.254e+07 1.87102e+10 2.75809e+10 1.21674 0.136383
144 2.52449e+07 3.26117e+07 1.37515e+10 2.96932e+10 1.17182 0.100393
153 2.60274e+07 3.2681e+07 1.99526e+10 2.80492e+10 0.892291 0.0338084
162 2.67948e+07 3.51435e+07 2.63173e+10 2.80213e+10 0.770182 0.0100708
171 2.65458e+07 3.57159e+07 3.15871e+10 2.49701e+10 0.597373 0.00310225
180 2.69778e+07 3.59873e+07 3.60622e+10 2.53991e+10 0.707703 0.00280206
189 2.71678e+07 3.48237e+07 3.08642e+10 3.04178e+10 0.745466 0.00822376
198 2.61935e+07 3.59422e+07 3.26136e+10 3.11213e+10 0.659186 0.00102783
207 2.58343e+07 3.46083e+07 3.26803e+10 2.93306e+10 0.689002 0.00186783
216 2.51326e+07 3.3364e+07 3.27425e+10 2.86328e+10 0.608037 0.0021393
225 2.52628e+07 3.34698e+07 3.02507e+10 2.59418e+10 0.668318 0.000186311
234 2.27295e+07 3.3218e+07 3.06124e+10 2.75626e+10 0.644571 8.94156e-09
****************************************
nan
inf
0.285133
0.143537
0.137473
0.0266464
0.289022
0.406894
0.14194
0.0232202
0.133955
0.0213292
0.0887587
0.0527684
0.0978779
0.0108807
0.0178492
0.0129031
0.128159
0.135355
0.0985248
0.0316691
0.033622
0.0100708
