9 0.390834
18 0.5593
27 0.0481107
36 0.136022
45 0.0140163
54 0.161565
63 inf
72 inf
81 0.317146
90 0.0439974
99 0.105583
108 0.0124645
117 0.0666798
126 0.0571469
135 0.119223
144 0.0418511
153 0.00515775
162 0.0345417
171 0.00110036
180 0.00464662
189 0.00224536
198 0.0951309
207 0.00681401
216 0.000142596
225 0.000873034
234 0.000107981
243 0.000265067
252 0.000433843
261 0.000205961
270 0.000105815
279 0.000568425
288 0.00130991
297 0.000159034
306 2.98338e-05

9 0.354675
18 inf
27 0.028062
36 0.215134
45 0.304827
54 0.391351
63 0.420824
72 0.555181
81 inf
90 inf
99 0.389671
108 0.384809
117 0.296694
126 0.259354
135 0.134928
144 0.00490237
153 0.0922991
162 0.00458257
171 0.000276292
180 0.000151823
189 0.000131932
198 0.00818944
207 0.00704838
216 0.000456093
225 0.000300144
234 0.000349493
243 0.00364431
252 1.18714e-05

9 0.300829
18 0.307808
27 0.294986
36 inf
45 0.541413
54 inf
63 0.549558
72 0.39844
81 0.270481
90 0.0182406
99 0.171253
108 0.021207
117 0.0883795
126 0.244134
135 0.0878617
144 0.0189105
153 0.0172672
162 0.0362228
171 0.00181879
180 1.36631e-05

9 0.239274
18 0.381972
27 0.401156
36 0.301017
45 0.159068
54 0.195839
63 0.556444
72 0.0261142
81 inf
90 0.228978
99 0.00768971
108 0.00172699
117 0.0363625
126 0.0290721
135 0.0651552
144 0.00616972
153 0.0105833
162 0.000885549
171 0.00682528
180 0.0265828
189 0.0128288
198 0.000192488
207 0.000810161
216 0.012011
225 0.000988973
234 0.00466532
243 0.00447168
252 0.000158
261 0.00380958
270 0.00200041
279 0.00108676
288 6.70997e-05

9 0.329698
18 inf
27 0.331495
36 0.105717
45 0.375954
54 0.298702
63 0.0925909
72 0.0415288
81 0.237187
90 0.27704
99 inf
108 0.251315
117 0.192108
126 0.0893984
135 0.0547769
144 0.000210938
153 0.000247653
162 0.000230657
171 0.00370163
180 0.000646049
189 0.00341799
198 6.62344e-05


