216
933.616
2.07501e+07 3.03224e+07 7.21151e+09 4.39998e+10 2.37488 
2.69174e-06
9 2.16912e+07 3.59151e+07 2.10828e+10 2.58227e+10 4.55943 0.751804
18 1.86291e+07 3.55106e+07 1.4216e+10 2.68162e+10 6.54161 1.83427
27 1.67463e+07 4.0505e+07 1.93613e+10 3.84414e+10 6.97937 5.44183
36 2.8022e+07 3.79478e+07 9.67272e+09 3.27238e+10 4.76805 0.0896204
45 2.84885e+07 2.77373e+07 1.74039e+10 2.48189e+10 3.18193 0.359137
54 2.29796e+07 3.86476e+07 9.64888e+09 3.37092e+10 3.23121 0.139761
63 2.82972e+07 2.74747e+07 8.11852e+09 3.1718e+10 4.23427 0.41599
72 2.32675e+07 2.57315e+07 1.31472e+10 2.90839e+10 3.92417 inf
81 1.85808e+07 2.6433e+07 6.91529e+09 2.73055e+10 4.25308 0.000332894
90 1.50855e+07 3.06205e+07 5.12556e+09 2.4498e+10 4.38033 0.012365
99 1.34272e+07 3.29587e+07 3.97363e+09 3.34353e+10 2.10348 0.0135412
108 1.36987e+07 2.86472e+07 5.30145e+09 4.02279e+10 2.13542 0.00317316
117 1.11844e+07 2.75091e+07 4.77213e+09 3.68285e+10 1.29224 0.00473592
126 1.21114e+07 2.34887e+07 7.13698e+09 3.54379e+10 1.74548 0.000176917
135 1.33668e+07 2.47389e+07 8.71215e+09 3.82757e+10 1.93239 0.00677974
144 1.65199e+07 2.84586e+07 8.3263e+09 3.99732e+10 1.13073 0.0115685
153 1.76451e+07 2.88364e+07 9.35505e+09 3.7675e+10 1.5563 0.00712753
162 1.92632e+07 2.80072e+07 8.30685e+09 4.00625e+10 1.09473 0.000758775
171 1.85015e+07 2.76042e+07 6.68391e+09 4.14514e+10 0.994687 0.00221679
180 1.85229e+07 3.03247e+07 7.13412e+09 4.52799e+10 1.25648 0.00589851
189 1.9923e+07 2.94992e+07 8.32233e+09 4.21051e+10 1.58433 0.000112355
198 1.91666e+07 2.89004e+07 7.02676e+09 4.30931e+10 1.71671 0.000426272
207 2.00803e+07 2.97087e+07 6.08467e+09 4.38212e+10 2.2139 0.0033636
216 2.07501e+07 3.03224e+07 7.21151e+09 4.39998e+10 2.37488 2.69174e-06
****************************************
0
5.35221
0.269517
0.219376
0.0568526
inf
0.415657
0.403625
inf
0.00284027
0.00440302
0.0121881
0.00676144
0.00197268
0.00395437
0.00397714
0.00251913
0.0057216
0.00666738
0.00635347
0.00820491
0.00712484
