9 inf
18 39.8894
27 0.00940387
36 0.861886
45 1.51233
54 0.15422
63 0.095741
72 0.531748
81 0.00223317
90 0.0280497
99 0.0302868
108 0.0863834
117 0.0394689
126 0.0314633
135 0.188356
144 0.544068
153 0.147649
162 0.132808
171 0.0835346
180 0.0230209
189 0.00976793
198 0.00193897
207 0.00286814
216 0.0110103
225 0.00182238
234 0.108854
243 0.0344177
252 0.000333068
261 0.00376759
270 0.00289809
279 0.00227094
288 0.00926781
297 0.0350365
306 0.0366606

9 inf
18 0.985938
27 0.00386991
36 35.1153
45 0.0287305
54 inf
63 0.728333
72 1.16959
81 0.832998
90 0.0904908
99 0.41151
108 0.000179764
117 89.5582
126 0.206175
135 0.0293604
144 0.132047
153 0.0592022
162 0.15753
171 0.0097206
180 0.214713
189 0.47786
198 0.414945
207 0.561038
216 0.212945
225 inf
234 0.394068
243 31.8848
252 2.80669e-05

9 0.990694
18 2.02335
27 0.348882
36 0.157351
45 0.00114367
54 0.549164
63 0.0350945
72 0.00320281
81 63.6172
90 0.0451428
99 0.42495
108 0.20318
117 44.9357
126 0.0230621
135 32.3839
144 0.0610314
153 45.7151
162 0.0495393
171 0.000520144
180 0.00731521
189 4.90456e-05

9 0.142417
18 0.351587
27 0.377807
36 inf
45 2.20033
54 0.16911
63 0.0242441
72 0.0918022
81 0.510476
90 0.464712
99 40.1781
108 0.104248
117 71.8843
126 0.00164365
135 0.22349
144 inf
153 0.0032298
162 0.0407674
171 inf
180 inf
189 0.0784182
198 0.0782856
207 0.00466501
216 2.93178e-05

9 0.30065
18 1.06836
27 0.112656
36 inf
45 0.026942
54 0.33673
63 0.247946
72 0.0397108
81 0.010182
90 0.425324
99 0.128478
108 inf
117 0.0273958
126 0.00733422
135 0.0003725
144 0.090569
153 0.0197177
162 0.0037028
171 0.000298115
180 0.00691448
189 0.0135738
198 0.00500828
207 0.00010146
216 0.000173058
225 0.000425055
234 0.0127956
243 1.40953e-05


