208
45522.7
1.86705e+10 4.34735e+10 1.05924 
0.0001
8 2.86585e+10 4.49812e+10 2.78357 0.297025
16 2.35603e+10 1.95955e+10 2.46616 0.297025
24 3.79018e+10 4.64467e+10 1.45723 0.0841
32 3.65365e+10 2.70428e+10 1.4017 0.081225
40 3.42033e+10 2.73435e+10 1.76481 0.1521
48 2.66465e+10 2.44377e+10 2.40451 0.2916
56 3.92643e+10 2.72938e+10 2.01857 0.225625
64 4.15156e+10 3.12578e+10 2.40033 0.2401
72 3.10776e+10 2.42737e+10 2.04921 0.2209
80 3.90488e+10 3.35522e+10 2.77755 0.2916
88 4.00933e+10 2.77123e+10 1.43215 0.0784
96 2.71724e+10 2.92276e+10 1.48146 0.0841
104 2.27968e+10 2.97535e+10 2.14752 0.255025
112 3.87693e+10 2.46155e+10 1.77819 0.1936
120 3.40316e+10 2.4029e+10 1.02376 0.0049
128 1.90106e+10 2.93793e+10 1.5314 0.099225
136 2.49579e+10 3.20852e+10 1.50795 0.1024
144 2.00295e+10 3.34694e+10 1.37281 0.060025
152 3.48465e+10 3.44902e+10 1.14497 0.004225
160 2.34067e+10 3.91472e+10 1.29889 0.0484
168 1.6891e+10 4.29425e+10 1.27762 0.0361
176 1.46072e+10 4.6786e+10 1.46459 0.099225
184 1.22967e+10 4.54764e+10 1.31623 0.0441
192 1.14464e+10 4.24666e+10 1.17531 0.004225
200 1.79789e+10 4.1851e+10 1.02411 0.0049
208 1.86705e+10 4.34735e+10 1.05924 0.0001
****************************************
0
0.002875
0.070875
0.1395
0.073525
0.0515
0.004725
0.065975
0.1617
0.1368
0.034125
0.098
0.0735
0.020825
0.0183
0.195
0.2508
0.1452
0.0312
0.094325
0.055125
0.098175
0.0975
0.059925
