252
1331.7
1.32948e+07 2.22499e+07 1.12025e+10 2.61189e+10 0.978939 
6.26775e-05
9 2.44638e+07 2.92346e+07 1.44506e+10 2.09661e+10 3.77288 0.203051
18 2.19421e+07 2.36982e+07 1.51013e+10 2.89811e+10 3.35271 inf
27 2.10194e+07 2.74811e+07 1.76933e+10 4.22432e+10 1.53246 0.0823536
36 2.96912e+07 3.68937e+07 1.96536e+10 2.73402e+10 2.48446 0.165902
45 2.78035e+07 3.89175e+07 2.21254e+10 3.09124e+10 1.55041 0.144144
54 3.23233e+07 2.9773e+07 2.83613e+10 2.6424e+10 1.1193 39.1624
63 2.75369e+07 3.37903e+07 2.6694e+10 2.30396e+10 1.25774 0.0417206
72 2.33441e+07 2.83215e+07 2.00686e+10 3.24692e+10 2.48246 0.14357
81 2.66315e+07 2.04273e+07 2.79001e+10 3.48374e+10 2.01876 0.134122
90 2.48258e+07 2.19973e+07 1.77913e+10 2.96269e+10 1.93743 0.148288
99 2.0115e+07 2.04145e+07 1.34224e+10 2.30532e+10 1.8988 0.288663
108 2.7444e+07 2.08099e+07 1.56644e+10 2.77895e+10 1.334 0.0456915
117 2.97196e+07 2.5615e+07 1.97597e+10 2.56543e+10 1.79475 0.110749
126 2.85782e+07 2.07461e+07 1.45533e+10 2.6122e+10 1.20881 0.0241074
135 2.73294e+07 2.12863e+07 1.24982e+10 2.29177e+10 1.36247 0.0510881
144 2.73512e+07 2.15896e+07 1.31897e+10 2.39077e+10 1.41928 0.0671304
153 2.30556e+07 2.40024e+07 1.52663e+10 2.91274e+10 1.01325 0.199635
162 1.85485e+07 2.53377e+07 1.30391e+10 2.86799e+10 1.19413 0.0258383
171 1.50707e+07 2.62776e+07 1.11157e+10 2.88604e+10 0.801982 0.0208662
180 1.6615e+07 2.73845e+07 1.02701e+10 2.9694e+10 0.932533 0.00401574
189 1.85451e+07 2.90941e+07 1.29441e+10 3.55413e+10 0.881695 0.0137421
198 1.81264e+07 2.71269e+07 1.43468e+10 3.7051e+10 1.09927 0.0209114
207 1.7718e+07 2.5585e+07 1.3243e+10 3.18391e+10 1.03072 0.00657237
216 1.53838e+07 2.48948e+07 1.22116e+10 2.14855e+10 1.00012 0.000448522
225 1.20021e+07 2.27754e+07 1.13739e+10 2.23936e+10 0.942252 0.00354958
234 1.33136e+07 2.26752e+07 1.24857e+10 2.11052e+10 0.91239 0.000910789
243 1.40959e+07 2.31146e+07 1.26057e+10 2.54895e+10 0.889867 0.00123444
252 1.32948e+07 2.22499e+07 1.12025e+10 2.61189e+10 0.978939 6.26775e-05
****************************************
0
0.083548
0.0217579
39.0182
0.102423
39.0188
0.0924013
0.106567
0.145094
0.0884304
0.0233732
0.124181
0.237575
0.221533
0.153943
0.0849104
0.0898825
0.0200917
0.0373459
0.0301767
0.060558
0.199186
0.196085
0.0249275
0.0196317
0.0208035
