234
606.683
1.70144e+07 2.7705e+07 1.70192e+10 3.20153e+10 2.1686 
1.35811e-08
9 2.26913e+07 2.97946e+07 3.50489e+10 4.01274e+10 4.01662 inf
18 1.89576e+07 3.43901e+07 1.9503e+10 4.7051e+10 3.28771 0.286601
27 1.79753e+07 3.50227e+07 2.57865e+10 3.23679e+10 1.69195 0.167935
36 1.86333e+07 3.29877e+07 2.54029e+10 2.9433e+10 1.27197 0.0851901
45 2.33617e+07 2.88851e+07 3.65698e+10 3.75358e+10 2.33496 inf
54 2.23012e+07 3.45414e+07 2.12094e+10 4.22202e+10 0.470968 0.0440206
63 2.77297e+07 3.47549e+07 3.24348e+10 2.75382e+10 2.03565 inf
72 2.45441e+07 3.30644e+07 2.74653e+10 3.36749e+10 1.60797 0.00130537
81 2.34283e+07 3.25653e+07 2.52581e+10 3.19949e+10 1.36768 0.000117913
90 2.25043e+07 3.53604e+07 2.20878e+10 3.34044e+10 1.24418 0.0339025
99 2.11128e+07 3.14523e+07 2.12499e+10 3.43683e+10 1.50825 0.000814397
108 1.98434e+07 2.90234e+07 2.18186e+10 2.77129e+10 1.96718 0.000820969
117 2.13307e+07 3.0179e+07 1.95502e+10 3.31759e+10 1.79708 0.00179526
126 2.02735e+07 2.86584e+07 1.80756e+10 3.64692e+10 0.888805 0.00677977
135 1.93791e+07 3.06176e+07 1.7999e+10 3.57268e+10 1.40629 0.00131358
144 1.98358e+07 2.97409e+07 1.74978e+10 3.29617e+10 2.91926 0.0132078
153 1.76614e+07 3.03408e+07 1.37923e+10 3.6166e+10 1.74749 0.000610422
162 1.85567e+07 2.93263e+07 1.34378e+10 3.42514e+10 1.23632 0.00434625
171 1.90785e+07 2.88089e+07 1.79259e+10 3.19649e+10 2.21471 0.00237603
180 1.90047e+07 2.82109e+07 1.86553e+10 3.32681e+10 1.51111 0.00471497
189 1.92061e+07 2.72968e+07 1.95543e+10 3.37601e+10 1.76677 0.0062125
198 1.79654e+07 2.86379e+07 1.65557e+10 3.6823e+10 1.48233 0.000191838
207 1.73096e+07 2.90649e+07 1.64031e+10 3.48779e+10 1.53548 21.9069
216 1.741e+07 2.82692e+07 1.61906e+10 3.28381e+10 1.33673 0.000125101
225 1.66768e+07 2.78453e+07 1.74783e+10 3.22303e+10 1.87829 0.000903641
234 1.70144e+07 2.7705e+07 1.70192e+10 3.20153e+10 2.1686 1.35811e-08
****************************************
0
0.0827449
inf
inf
nan
0.0427152
inf
inf
0.000490978
0.000703056
0.00167735
0.0271227
0.000499184
0.0123934
0.000210547
0.00255099
0.000580773
0.0020648
0.00489892
0.00112174
21.8937
0.00048532
0.000293219
0.00434624
