153
646.177
2.54192e+07 2.69231e+07 3.67838e+10 2.0948e+10 1.12574 
4.07314e-05
9 2.8161e+07 3.10934e+07 2.79685e+10 1.94806e+10 1.93776 0.168229
18 2.46946e+07 3.18792e+07 1.94132e+10 2.34043e+10 5.04746 0.303892
27 1.98098e+07 3.13614e+07 2.59979e+10 2.19468e+10 4.29766 0.438307
36 2.32165e+07 3.9783e+07 3.00218e+10 3.67394e+10 5.61798 0.328971
45 3.27775e+07 2.88205e+07 2.43925e+10 2.21697e+10 2.71513 0.323588
54 2.90464e+07 3.02265e+07 2.63639e+10 1.77731e+10 1.91027 0.10107
63 1.93218e+07 3.21323e+07 2.45123e+10 2.68236e+10 1.19517 0.0690818
72 2.06892e+07 3.69602e+07 2.59203e+10 2.56001e+10 3.06133 0.343504
81 2.5797e+07 3.46162e+07 2.30933e+10 3.31411e+10 1.5402 0.170017
90 3.12827e+07 3.39677e+07 1.26122e+10 3.28724e+10 1.89628 0.149372
99 3.04543e+07 3.64405e+07 1.18349e+10 4.02833e+10 1.7589 0.206057
108 2.76445e+07 3.54459e+07 1.1806e+10 3.7788e+10 1.69061 0.167273
117 2.93092e+07 3.33691e+07 1.12445e+10 3.90221e+10 2.17689 0.274486
126 3.04085e+07 2.94846e+07 1.69244e+10 2.35947e+10 1.18318 0.0024756
135 2.93405e+07 2.44388e+07 2.4926e+10 2.37741e+10 0.815043 0.00100616
144 2.57262e+07 2.48492e+07 3.02692e+10 1.55034e+10 1.29439 0.000150989
153 2.54192e+07 2.69231e+07 3.67838e+10 2.0948e+10 1.12574 4.07314e-05
****************************************
0
0.109336
0.00538337
0.222518
0.254506
0.242434
0.100935
0.0802898
0.137447
0.00274417
0.104469
0.146896
0.20505
0.205906
0.167232
