FRTRWELL
DESIGN_stage_1 0.000 0.000 0.000
0.000 -120.000 5 2053.579 2056.000 0.000009999 100.00
2056.000 2058.421 0.000010000 100.00
2058.421 2060.842 0.000010000 100.00
2060.842 2063.263 0.000010000 100.00
2063.263 2065.684 0.000009997 100.00
-0.000 -110.000 11 2048.737 2051.158 0.000009997 100.00
2051.158 2053.579 0.000010000 100.00
2053.579 2056.000 0.000010000 100.00
2056.000 2058.421 0.000010000 100.00
2058.421 2060.842 0.000010000 100.00
2060.842 2063.263 0.000010000 100.00
2063.263 2065.684 0.000010000 100.00
2065.684 2068.105 0.000010000 100.00
2068.105 2070.526 0.000009988 100.00
2070.526 2072.947 0.000010000 100.00
2072.947 2075.368 0.000010000 100.00
-0.000 -100.000 12 2048.737 2051.158 0.000009997 100.00
2051.158 2053.579 0.000010000 100.00
2053.579 2056.000 0.000009999 100.00
2056.000 2058.421 0.000010000 100.00
2058.421 2060.842 0.000010000 100.00
2060.842 2063.263 0.000010000 100.00
2063.263 2065.684 0.000010001 100.00
2065.684 2068.105 0.000010000 100.00
2068.105 2070.526 0.000010000 100.00
2070.526 2072.947 0.000010000 100.00
2072.947 2075.368 0.000010000 100.00
2075.368 2077.789 0.000009994 100.00
0.000 -90.000 15 2043.895 2046.316 0.001778953 100.00
2046.316 2048.737 0.000010000 100.00
2048.737 2051.158 0.000009933 100.00
2051.158 2053.579 0.000010000 100.00
2053.579 2056.000 0.003791779 100.00
2056.000 2058.421 0.004470919 100.00
2058.421 2060.842 0.005150046 100.00
2060.842 2063.263 0.004948838 100.00
2063.263 2065.684 0.004191570 100.00
2065.684 2068.105 0.004041266 100.00
2068.105 2070.526 0.000010000 100.00
2070.526 2072.947 0.000010000 100.00
2072.947 2075.368 0.000010000 100.00
2075.368 2077.789 0.000010000 100.00
2077.789 2080.211 0.000009965 100.00
0.000 -80.000 16 2041.474 2043.895 0.001967809 100.00
2043.895 2046.316 0.000009991 100.00
2046.316 2048.737 0.000010000 100.00
2048.737 2051.158 0.000010000 100.00
2051.158 2053.579 0.003565016 100.00
2053.579 2056.000 0.002207422 100.00
2056.000 2058.421 0.002456547 100.00
2058.421 2060.842 0.002699083 100.00
2060.842 2063.263 0.002662477 100.00
2063.263 2065.684 0.002412235 100.00
2065.684 2068.105 0.002317709 100.00
2068.105 2070.526 0.004507141 100.00
2070.526 2072.947 0.004551517 100.00
2072.947 2075.368 0.004045829 100.00
2075.368 2077.789 0.000010000 100.00
2077.789 2080.211 0.000009972 100.00
-0.000 -70.000 18 2039.053 2041.474 0.001684180 100.00
2041.474 2043.895 0.000010000 100.00
2043.895 2046.316 0.000010000 100.00
2046.316 2048.737 0.000010000 100.00
2048.737 2051.158 0.000010000 100.00
2051.158 2053.579 0.004352023 100.00
2053.579 2056.000 0.002425203 100.00
2056.000 2058.421 0.002802587 100.00
2058.421 2060.842 0.003100945 100.00
2060.842 2063.263 0.003081111 100.00
2063.263 2065.684 0.002767064 100.00
2065.684 2068.105 0.002657049 100.00
2068.105 2070.526 0.002233821 100.00
2070.526 2072.947 0.002281361 100.00
2072.947 2075.368 0.004368038 100.00
2075.368 2077.789 0.000176077 100.00
2077.789 2080.211 0.000010000 100.00
2080.211 2082.632 0.000010000 100.00
0.000 -60.000 18 2039.053 2041.474 0.001859060 100.00
2041.474 2043.895 0.000010000 100.00
2043.895 2046.316 0.000010000 100.00
2046.316 2048.737 0.000046291 100.00
2048.737 2051.158 0.000010000 100.00
2051.158 2053.579 0.005171688 100.00
2053.579 2056.000 0.002755330 100.00
2056.000 2058.421 0.003184884 100.00
2058.421 2060.842 0.003437924 100.00
2060.842 2063.263 0.003432988 100.00
2063.263 2065.684 0.003135023 100.00
2065.684 2068.105 0.002994174 100.00
2068.105 2070.526 0.002544250 100.00
2070.526 2072.947 0.002533027 100.00
2072.947 2075.368 0.002411844 100.00
2075.368 2077.789 0.001755678 100.00
2077.789 2080.211 0.000010000 100.00
2080.211 2082.632 0.000010000 100.00
0.000 -50.000 20 2036.632 2039.053 0.002093474 100.00
2039.053 2041.474 0.000009985 100.00
2041.474 2043.895 0.000010000 100.00
2043.895 2046.316 0.000010000 100.00
2046.316 2048.737 0.004397572 100.00
2048.737 2051.158 0.003664649 100.00
2051.158 2053.579 0.002600471 100.00
2053.579 2056.000 0.003216974 100.00
2056.000 2058.421 0.003587391 100.00
2058.421 2060.842 0.003832511 100.00
2060.842 2063.263 0.003782955 100.00
2063.263 2065.684 0.003463542 100.00
2065.684 2068.105 0.003307112 100.00
2068.105 2070.526 0.002835029 100.00
2070.526 2072.947 0.002802858 100.00
2072.947 2075.368 0.002378931 100.00
2075.368 2077.789 0.001929509 100.00
2077.789 2080.211 0.000010000 100.00
2080.211 2082.632 0.000010000 100.00
2082.632 2085.053 0.000010000 100.00
0.000 -40.000 21 2034.211 2036.632 0.002308857 100.00
2036.632 2039.053 0.000010000 100.00
2039.053 2041.474 0.000010000 100.00
2041.474 2043.895 0.003336913 100.00
2043.895 2046.316 0.002968681 100.00
2046.316 2048.737 0.002329510 100.00
2048.737 2051.158 0.002037196 100.00
2051.158 2053.579 0.002997372 100.00
2053.579 2056.000 0.003619073 100.00
2056.000 2058.421 0.003951716 100.00
2058.421 2060.842 0.004191182 100.00
2060.842 2063.263 0.004090305 100.00
2063.263 2065.684 0.003764660 100.00
2065.684 2068.105 0.003601017 100.00
2068.105 2070.526 0.003134029 100.00
2070.526 2072.947 0.003079273 100.00
2072.947 2075.368 0.002524629 100.00
2075.368 2077.789 0.002800457 100.00
2077.789 2080.211 0.000010000 100.00
2080.211 2082.632 0.000010000 100.00
2082.632 2085.053 0.000010000 100.00
0.000 -30.000 21 2034.211 2036.632 0.002474729 100.00
2036.632 2039.053 0.000010000 100.00
2039.053 2041.474 0.000010000 100.00
2041.474 2043.895 0.003726145 100.00
2043.895 2046.316 0.001779075 100.00
2046.316 2048.737 0.002530102 100.00
2048.737 2051.158 0.002335396 100.00
2051.158 2053.579 0.003340490 100.00
2053.579 2056.000 0.003933088 100.00
2056.000 2058.421 0.004275591 100.00
2058.421 2060.842 0.004471771 100.00
2060.842 2063.263 0.004381096 100.00
2063.263 2065.684 0.004063558 100.00
2065.684 2068.105 0.003895158 100.00
2068.105 2070.526 0.003414942 100.00
2070.526 2072.947 0.003333635 100.00
2072.947 2075.368 0.002775826 100.00
2075.368 2077.789 0.003653446 100.00
2077.789 2080.211 0.000010000 100.00
2080.211 2082.632 0.000010000 100.00
2082.632 2085.053 0.000010000 100.00
0.000 -20.000 21 2034.211 2036.632 0.002600662 100.00
2036.632 2039.053 0.000010000 100.00
2039.053 2041.474 0.000010000 100.00
2041.474 2043.895 0.004049099 100.00
2043.895 2046.316 0.001892360 100.00
2046.316 2048.737 0.002696372 100.00
2048.737 2051.158 0.002553482 100.00
2051.158 2053.579 0.003534637 100.00
2053.579 2056.000 0.004055132 100.00
2056.000 2058.421 0.004408073 100.00
2058.421 2060.842 0.004600881 100.00
2060.842 2063.263 0.004496401 100.00
2063.263 2065.684 0.004183948 100.00
2065.684 2068.105 0.004011530 100.00
2068.105 2070.526 0.003571243 100.00
2070.526 2072.947 0.003485644 100.00
2072.947 2075.368 0.002891886 100.00
2075.368 2077.789 0.004123227 100.00
2077.789 2080.211 0.000010000 100.00
2080.211 2082.632 0.000010000 100.00
2082.632 2085.053 0.000010000 100.00
0.000 -10.000 21 2034.211 2036.632 0.002517619 100.00
2036.632 2039.053 0.000010000 100.00
2039.053 2041.474 0.000010000 100.00
2041.474 2043.895 0.004266489 100.00
2043.895 2046.316 0.002003292 100.00
2046.316 2048.737 0.002829209 100.00
2048.737 2051.158 0.002689546 100.00
2051.158 2053.579 0.003563830 100.00
2053.579 2056.000 0.003577130 100.00
2056.000 2058.421 0.003947504 100.00
2058.421 2060.842 0.004147814 100.00
2060.842 2063.263 0.004068178 100.00
2063.263 2065.684 0.003736268 100.00
2065.684 2068.105 0.003554023 100.00
2068.105 2070.526 0.003577346 100.00
2070.526 2072.947 0.003570406 100.00
2072.947 2075.368 0.002987998 100.00
2075.368 2077.789 0.004290982 100.00
2077.789 2080.211 0.000010000 100.00
2080.211 2082.632 0.000010000 100.00
2082.632 2085.053 0.000010000 100.00
0.000 0.000 21 2034.211 2036.632 0.002517619 100.00
2036.632 2039.053 0.000010000 100.00
2039.053 2041.474 0.000010000 100.00
2041.474 2043.895 0.004266489 100.00
2043.895 2046.316 0.002003292 100.00
2046.316 2048.737 0.002829209 100.00
2048.737 2051.158 0.002689546 100.00
2051.158 2053.579 0.003563830 100.00
2053.579 2056.000 0.003577130 100.00
2056.000 2058.421 0.003947504 100.00
2058.421 2060.842 0.004147814 100.00
2060.842 2063.263 0.004068178 100.00
2063.263 2065.684 0.003736268 100.00
2065.684 2068.105 0.003554023 100.00
2068.105 2070.526 0.003577346 100.00
2070.526 2072.947 0.003570406 100.00
2072.947 2075.368 0.002987998 100.00
2075.368 2077.789 0.004290982 100.00
2077.789 2080.211 0.000010000 100.00
2080.211 2082.632 0.000010000 100.00
2082.632 2085.053 0.000010000 100.00
0.000 10.000 21 2034.211 2036.632 0.002600662 100.00
2036.632 2039.053 0.000010000 100.00
2039.053 2041.474 0.000010000 100.00
2041.474 2043.895 0.004049099 100.00
2043.895 2046.316 0.001892360 100.00
2046.316 2048.737 0.002696372 100.00
2048.737 2051.158 0.002553482 100.00
2051.158 2053.579 0.003534637 100.00
2053.579 2056.000 0.004055132 100.00
2056.000 2058.421 0.004408073 100.00
2058.421 2060.842 0.004600881 100.00
2060.842 2063.263 0.004496401 100.00
2063.263 2065.684 0.004183948 100.00
2065.684 2068.105 0.004011530 100.00
2068.105 2070.526 0.003571243 100.00
2070.526 2072.947 0.003485644 100.00
2072.947 2075.368 0.002891886 100.00
2075.368 2077.789 0.004123227 100.00
2077.789 2080.211 0.000010000 100.00
2080.211 2082.632 0.000010000 100.00
2082.632 2085.053 0.000010000 100.00
0.000 20.000 21 2034.211 2036.632 0.002474729 100.00
2036.632 2039.053 0.000010000 100.00
2039.053 2041.474 0.000010000 100.00
2041.474 2043.895 0.003726145 100.00
2043.895 2046.316 0.001779075 100.00
2046.316 2048.737 0.002530102 100.00
2048.737 2051.158 0.002335396 100.00
2051.158 2053.579 0.003340490 100.00
2053.579 2056.000 0.003933088 100.00
2056.000 2058.421 0.004275591 100.00
2058.421 2060.842 0.004471771 100.00
2060.842 2063.263 0.004381096 100.00
2063.263 2065.684 0.004063558 100.00
2065.684 2068.105 0.003895158 100.00
2068.105 2070.526 0.003414942 100.00
2070.526 2072.947 0.003333635 100.00
2072.947 2075.368 0.002775826 100.00
2075.368 2077.789 0.003653446 100.00
2077.789 2080.211 0.000010000 100.00
2080.211 2082.632 0.000010000 100.00
2082.632 2085.053 0.000010000 100.00
0.000 30.000 21 2034.211 2036.632 0.002308857 100.00
2036.632 2039.053 0.000010000 100.00
2039.053 2041.474 0.000010000 100.00
2041.474 2043.895 0.003336913 100.00
2043.895 2046.316 0.002968681 100.00
2046.316 2048.737 0.002329510 100.00
2048.737 2051.158 0.002037196 100.00
2051.158 2053.579 0.002997372 100.00
2053.579 2056.000 0.003619073 100.00
2056.000 2058.421 0.003951716 100.00
2058.421 2060.842 0.004191182 100.00
2060.842 2063.263 0.004090305 100.00
2063.263 2065.684 0.003764660 100.00
2065.684 2068.105 0.003601017 100.00
2068.105 2070.526 0.003134029 100.00
2070.526 2072.947 0.003079273 100.00
2072.947 2075.368 0.002524629 100.00
2075.368 2077.789 0.002800457 100.00
2077.789 2080.211 0.000010000 100.00
2080.211 2082.632 0.000010000 100.00
2082.632 2085.053 0.000010000 100.00
0.000 40.000 20 2036.632 2039.053 0.002093474 100.00
2039.053 2041.474 0.000009985 100.00
2041.474 2043.895 0.000010000 100.00
2043.895 2046.316 0.000010000 100.00
2046.316 2048.737 0.004397572 100.00
2048.737 2051.158 0.003664649 100.00
2051.158 2053.579 0.002600471 100.00
2053.579 2056.000 0.003216974 100.00
2056.000 2058.421 0.003587391 100.00
2058.421 2060.842 0.003832511 100.00
2060.842 2063.263 0.003782955 100.00
2063.263 2065.684 0.003463542 100.00
2065.684 2068.105 0.003307112 100.00
2068.105 2070.526 0.002835029 100.00
2070.526 2072.947 0.002802858 100.00
2072.947 2075.368 0.002378931 100.00
2075.368 2077.789 0.001929509 100.00
2077.789 2080.211 0.000010000 100.00
2080.211 2082.632 0.000010000 100.00
2082.632 2085.053 0.000010000 100.00
0.000 50.000 18 2039.053 2041.474 0.001859060 100.00
2041.474 2043.895 0.000010000 100.00
2043.895 2046.316 0.000010000 100.00
2046.316 2048.737 0.000046291 100.00
2048.737 2051.158 0.000010000 100.00
2051.158 2053.579 0.005171688 100.00
2053.579 2056.000 0.002755330 100.00
2056.000 2058.421 0.003184884 100.00
2058.421 2060.842 0.003437924 100.00
2060.842 2063.263 0.003432988 100.00
2063.263 2065.684 0.003135023 100.00
2065.684 2068.105 0.002994174 100.00
2068.105 2070.526 0.002544250 100.00
2070.526 2072.947 0.002533027 100.00
2072.947 2075.368 0.002411844 100.00
2075.368 2077.789 0.001755678 100.00
2077.789 2080.211 0.000010000 100.00
2080.211 2082.632 0.000010000 100.00
0.000 60.000 18 2039.053 2041.474 0.001684180 100.00
2041.474 2043.895 0.000010000 100.00
2043.895 2046.316 0.000010000 100.00
2046.316 2048.737 0.000010000 100.00
2048.737 2051.158 0.000010000 100.00
2051.158 2053.579 0.004352023 100.00
2053.579 2056.000 0.002425203 100.00
2056.000 2058.421 0.002802587 100.00
2058.421 2060.842 0.003100945 100.00
2060.842 2063.263 0.003081111 100.00
2063.263 2065.684 0.002767064 100.00
2065.684 2068.105 0.002657049 100.00
2068.105 2070.526 0.002233821 100.00
2070.526 2072.947 0.002281361 100.00
2072.947 2075.368 0.004368038 100.00
2075.368 2077.789 0.000176077 100.00
2077.789 2080.211 0.000010000 100.00
2080.211 2082.632 0.000010000 100.00
0.000 70.000 16 2041.474 2043.895 0.001967809 100.00
2043.895 2046.316 0.000009991 100.00
2046.316 2048.737 0.000010000 100.00
2048.737 2051.158 0.000010000 100.00
2051.158 2053.579 0.003565016 100.00
2053.579 2056.000 0.002207422 100.00
2056.000 2058.421 0.002456547 100.00
2058.421 2060.842 0.002699083 100.00
2060.842 2063.263 0.002662477 100.00
2063.263 2065.684 0.002412235 100.00
2065.684 2068.105 0.002317709 100.00
2068.105 2070.526 0.004507141 100.00
2070.526 2072.947 0.004551517 100.00
2072.947 2075.368 0.004045829 100.00
2075.368 2077.789 0.000010000 100.00
2077.789 2080.211 0.000009972 100.00
0.000 80.000 15 2043.895 2046.316 0.001778953 100.00
2046.316 2048.737 0.000010000 100.00
2048.737 2051.158 0.000009933 100.00
2051.158 2053.579 0.000010000 100.00
2053.579 2056.000 0.003791779 100.00
2056.000 2058.421 0.004470919 100.00
2058.421 2060.842 0.005150046 100.00
2060.842 2063.263 0.004948838 100.00
2063.263 2065.684 0.004191570 100.00
2065.684 2068.105 0.004041266 100.00
2068.105 2070.526 0.000010000 100.00
2070.526 2072.947 0.000010000 100.00
2072.947 2075.368 0.000010000 100.00
2075.368 2077.789 0.000010000 100.00
2077.789 2080.211 0.000009965 100.00
0.000 90.000 12 2048.737 2051.158 0.000009997 100.00
2051.158 2053.579 0.000010000 100.00
2053.579 2056.000 0.000009999 100.00
2056.000 2058.421 0.000010000 100.00
2058.421 2060.842 0.000010000 100.00
2060.842 2063.263 0.000010000 100.00
2063.263 2065.684 0.000010001 100.00
2065.684 2068.105 0.000010000 100.00
2068.105 2070.526 0.000010000 100.00
2070.526 2072.947 0.000010000 100.00
2072.947 2075.368 0.000010000 100.00
2075.368 2077.789 0.000009994 100.00
0.000 100.000 11 2048.737 2051.158 0.000009997 100.00
2051.158 2053.579 0.000010000 100.00
2053.579 2056.000 0.000010000 100.00
2056.000 2058.421 0.000010000 100.00
2058.421 2060.842 0.000010000 100.00
2060.842 2063.263 0.000010000 100.00
2063.263 2065.684 0.000010000 100.00
2065.684 2068.105 0.000010000 100.00
2068.105 2070.526 0.000009988 100.00
2070.526 2072.947 0.000010000 100.00
2072.947 2075.368 0.000010000 100.00
0.000 110.000 5 2053.579 2056.000 0.000009999 100.00
2056.000 2058.421 0.000010000 100.00
2058.421 2060.842 0.000010000 100.00
2060.842 2063.263 0.000010000 100.00
2063.263 2065.684 0.000009997 100.00
0.000 120.000 5 2053.579 2056.000 0.000009999 100.00
2056.000 2058.421 0.000010000 100.00
2058.421 2060.842 0.000010000 100.00
2060.842 2063.263 0.000010000 100.00
2063.263 2065.684 0.000009997 100.00
/
